0.000000	0.029659	0.049947	0.021196	0.021933	0.020940	0.020289	0.020230	0.020337	0.023317	0.021577	0.020863	0.020348	0.020238	0.022590	0.022636	0.020236	0.021016	0.020269	0.021362	0.020288	0.021909	0.020255	0.031385	0.045689	0.020256	0.022870	0.020464	0.020236	0.027821	0.020376	0.020545	0.022004	0.020321	0.020264	0.021861	0.041930	0.020355	0.020990	0.020616	0.021105	0.020467	0.021230	0.021523	0.021587	0.020567	0.021584	0.020619	0.020736	0.020604	0.020607	0.020402	0.022261	0.021100	0.020541	0.025993	0.020371	0.059937	0.020527	0.020386	0.021458	0.021928	0.021230	0.025416	0.020317	0.020902	0.022828	0.025004	0.020584	0.028749	0.024098	0.030601	0.020213	0.020217	0.020210	0.020221	0.020235	0.020196	0.020194	0.020190	0.020189	0.020189	0.020186	0.020220	0.020205	0.020207	0.020238	0.020191	0.020205	0.020191	0.020187	0.020191	0.020186	0.020220	0.020213	0.020229	0.365337	0.000000	0.162443	0.075997	0.072453	0.021422	0.000000	0.069677	0.122712	0.020433	0.036575	0.000000	0.000000	0.026491	0.026824	0.117379	0.039440	0.000000	0.000000	0.025898	0.065435
0.029659	0.000000	0.039667	0.010605	0.011351	0.010347	0.009689	0.009629	0.009737	0.012749	0.010991	0.010269	0.009748	0.009637	0.012015	0.012061	0.009635	0.010423	0.009668	0.010773	0.009687	0.011326	0.009655	0.020905	0.035364	0.009655	0.012298	0.009866	0.009635	0.017302	0.009776	0.009947	0.011422	0.009721	0.009664	0.011278	0.031563	0.009755	0.010397	0.010019	0.010514	0.009868	0.010640	0.010936	0.011001	0.009970	0.010998	0.010023	0.010141	0.010007	0.010010	0.009803	0.011682	0.010508	0.009944	0.015454	0.009772	0.049766	0.009930	0.009787	0.010870	0.011346	0.010640	0.014871	0.009717	0.010308	0.012255	0.014454	0.009987	0.018240	0.013539	0.020112	0.009612	0.009616	0.009608	0.009620	0.009634	0.009594	0.009593	0.009588	0.009587	0.009587	0.009584	0.009619	0.009603	0.009606	0.009637	0.009590	0.009603	0.009589	0.009586	0.009589	0.009585	0.009619	0.009612	0.009628	0.358470	0.000000	0.153381	0.065999	0.062417	0.010834	0.000000	0.059611	0.113220	0.009834	0.026151	0.000000	0.000000	0.015958	0.016294	0.107829	0.029047	0.000000	0.000000	0.015358	0.055323
0.049947	0.039667	0.000000	0.030487	0.031218	0.030234	0.029589	0.029530	0.029636	0.032588	0.030865	0.030158	0.029648	0.029538	0.031868	0.031913	0.029537	0.030309	0.029569	0.030652	0.029588	0.031194	0.029556	0.040579	0.054748	0.029556	0.032146	0.029763	0.029537	0.037049	0.029675	0.029842	0.031287	0.029621	0.029565	0.031146	0.051024	0.029654	0.030283	0.029913	0.030398	0.029765	0.030521	0.030812	0.030875	0.029864	0.030872	0.029916	0.030032	0.029901	0.029904	0.029701	0.031542	0.030392	0.029839	0.035239	0.029671	0.068861	0.029825	0.029685	0.030747	0.031213	0.030521	0.034667	0.029617	0.030196	0.032104	0.034259	0.029881	0.037969	0.033362	0.039803	0.029514	0.029518	0.029510	0.029522	0.029536	0.029496	0.029495	0.029491	0.029490	0.029490	0.029487	0.029520	0.029505	0.029508	0.029538	0.029492	0.029505	0.029492	0.029488	0.029492	0.029487	0.029521	0.029514	0.029529	0.000000	0.000000	0.170393	0.084768	0.081258	0.030711	0.000000	0.078508	0.131040	0.029731	0.045721	0.000000	0.000000	0.035733	0.036062	0.125757	0.048558	0.000000	0.000000	0.035144	0.074307
0.021196	0.010605	0.030487	0.000000	0.002820	0.001808	0.001144	0.001083	0.001192	0.004231	0.002457	0.001729	0.001204	0.001092	0.003490	0.003536	0.001090	0.001885	0.001123	0.002237	0.001142	0.002796	0.001109	0.012456	0.027040	0.001110	0.003776	0.001323	0.001090	0.008823	0.001232	0.001405	0.002892	0.001176	0.001119	0.002746	0.023207	0.001211	0.001859	0.001477	0.001976	0.001325	0.002103	0.002402	0.002467	0.001427	0.002464	0.001481	0.001600	0.001465	0.001468	0.001259	0.003154	0.001970	0.001401	0.006959	0.001228	0.041567	0.001387	0.001243	0.002336	0.002815	0.002103	0.006371	0.001173	0.001769	0.003732	0.005950	0.001444	0.009769	0.005027	0.011657	0.001066	0.001071	0.001063	0.001075	0.001089	0.001049	0.001047	0.001043	0.001042	0.001042	0.001038	0.001073	0.001058	0.001060	0.001092	0.001044	0.001058	0.001043	0.001040	0.001043	0.001039	0.001074	0.001066	0.001082	0.352935	0.000000	0.146076	0.057940	0.054327	0.002299	0.000000	0.051497	0.105568	0.001290	0.017748	0.000000	0.000000	0.007467	0.007807	0.100131	0.020669	0.000000	0.000000	0.006862	0.047172
0.021933	0.011351	0.031218	0.002820	0.000000	0.002558	0.001894	0.001834	0.001943	0.004979	0.003207	0.002479	0.001954	0.001842	0.004238	0.004285	0.001840	0.002635	0.001873	0.002987	0.001893	0.003545	0.001860	0.013198	0.027771	0.001861	0.004524	0.002073	0.001840	0.009567	0.001982	0.002155	0.003641	0.001927	0.001869	0.003496	0.023941	0.001961	0.002608	0.002227	0.002726	0.002075	0.002853	0.003152	0.003217	0.002177	0.003213	0.002231	0.002350	0.002215	0.002218	0.002009	0.003903	0.002720	0.002151	0.007705	0.001978	0.042287	0.002137	0.001993	0.003085	0.003564	0.002853	0.007117	0.001923	0.002519	0.004481	0.006697	0.002194	0.010513	0.005774	0.012400	0.001817	0.001821	0.001813	0.001825	0.001839	0.001799	0.001797	0.001793	0.001792	0.001792	0.001789	0.001823	0.001808	0.001811	0.001842	0.001795	0.001808	0.001794	0.001790	0.001794	0.001790	0.001824	0.001817	0.001833	0.353421	0.000000	0.146717	0.058648	0.055037	0.003049	0.000000	0.052209	0.106240	0.002041	0.018486	0.000000	0.000000	0.008213	0.008552	0.100807	0.021405	0.000000	0.000000	0.007608	0.047888
0.020940	0.010347	0.030234	0.001808	0.002558	0.000000	0.000884	0.000823	0.000932	0.003971	0.002197	0.001469	0.000944	0.000831	0.003230	0.003277	0.000830	0.001625	0.000863	0.001978	0.000882	0.002536	0.000849	0.012199	0.026787	0.000850	0.003516	0.001062	0.000830	0.008565	0.000972	0.001144	0.002632	0.000916	0.000859	0.002487	0.022953	0.000951	0.001599	0.001217	0.001716	0.001065	0.001843	0.002142	0.002208	0.001167	0.002204	0.001221	0.001340	0.001204	0.001208	0.000999	0.002894	0.001710	0.001141	0.006701	0.000968	0.041317	0.001127	0.000983	0.002076	0.002555	0.001843	0.006112	0.000913	0.001509	0.003473	0.005691	0.001184	0.009511	0.004768	0.011400	0.000806	0.000810	0.000803	0.000815	0.000829	0.000788	0.000787	0.000782	0.000782	0.000782	0.000778	0.000813	0.000798	0.000800	0.000831	0.000784	0.000798	0.000783	0.000780	0.000783	0.000779	0.000814	0.000806	0.000822	0.352766	0.000000	0.145853	0.057695	0.054081	0.002039	0.000000	0.051250	0.105335	0.001030	0.017492	0.000000	0.000000	0.007209	0.007548	0.099897	0.020414	0.000000	0.000000	0.006603	0.046924
0.020289	0.009689	0.029589	0.001144	0.001894	0.000884	0.000000	0.000159	0.000268	0.003309	0.001534	0.000806	0.000280	0.000168	0.002568	0.002614	0.000166	0.000961	0.000199	0.001314	0.000218	0.001873	0.000185	0.011543	0.026140	0.000186	0.002854	0.000399	0.000166	0.007906	0.000308	0.000481	0.001970	0.000252	0.000195	0.001824	0.022304	0.000287	0.000935	0.000554	0.001053	0.000401	0.001180	0.001479	0.001545	0.000504	0.001541	0.000557	0.000676	0.000541	0.000544	0.000335	0.002232	0.001047	0.000477	0.006041	0.000304	0.040680	0.000463	0.000319	0.001413	0.001892	0.001180	0.005452	0.000249	0.000846	0.002811	0.005031	0.000521	0.008853	0.004107	0.010743	0.000142	0.000146	0.000139	0.000151	0.000165	0.000124	0.000123	0.000118	0.000118	0.000118	0.000114	0.000149	0.000134	0.000136	0.000168	0.000120	0.000134	0.000119	0.000116	0.000119	0.000115	0.000150	0.000142	0.000158	0.352336	0.000000	0.145286	0.057069	0.053452	0.001376	0.000000	0.050619	0.104741	0.000366	0.016840	0.000000	0.000000	0.006549	0.006889	0.099299	0.019763	0.000000	0.000000	0.005943	0.046291
0.020230	0.009629	0.029530	0.001083	0.001834	0.000823	0.000159	0.000000	0.000207	0.003249	0.001474	0.000745	0.000219	0.000107	0.002507	0.002554	0.000105	0.000901	0.000138	0.001254	0.000157	0.001812	0.000124	0.011483	0.026081	0.000125	0.002793	0.000338	0.000105	0.007846	0.000247	0.000420	0.001909	0.000191	0.000134	0.001763	0.022244	0.000226	0.000874	0.000493	0.000992	0.000340	0.001119	0.001419	0.001484	0.000443	0.001480	0.000496	0.000615	0.000480	0.000483	0.000274	0.002171	0.000986	0.000416	0.005980	0.000243	0.040622	0.000402	0.000258	0.001352	0.001832	0.001119	0.005391	0.000188	0.000785	0.002750	0.004970	0.000460	0.008793	0.004046	0.010683	0.000081	0.000085	0.000078	0.000090	0.000104	0.000063	0.000062	0.000058	0.000057	0.000057	0.000053	0.000088	0.000073	0.000075	0.000107	0.000059	0.000073	0.000058	0.000055	0.000058	0.000054	0.000089	0.000081	0.000097	0.352297	0.000000	0.145234	0.057011	0.053394	0.001315	0.000000	0.050561	0.104686	0.000306	0.016780	0.000000	0.000000	0.006489	0.006828	0.099244	0.019703	0.000000	0.000000	0.005883	0.046233
0.020337	0.009737	0.029636	0.001192	0.001943	0.000932	0.000268	0.000207	0.000000	0.003357	0.001583	0.000854	0.000328	0.000216	0.002616	0.002663	0.000214	0.001010	0.000247	0.001363	0.000267	0.001921	0.000234	0.011591	0.026187	0.000234	0.002902	0.000447	0.000214	0.007954	0.000356	0.000529	0.002018	0.000300	0.000243	0.001872	0.022351	0.000335	0.000983	0.000602	0.001101	0.000449	0.001228	0.001528	0.001593	0.000552	0.001589	0.000605	0.000724	0.000589	0.000592	0.000383	0.002280	0.001095	0.000526	0.006089	0.000352	0.040727	0.000511	0.000367	0.001461	0.001941	0.001228	0.005499	0.000297	0.000894	0.002859	0.005079	0.000569	0.008901	0.004155	0.010791	0.000190	0.000195	0.000187	0.000199	0.000213	0.000173	0.000171	0.000167	0.000166	0.000166	0.000162	0.000197	0.000182	0.000185	0.000216	0.000168	0.000182	0.000168	0.000164	0.000168	0.000163	0.000198	0.000190	0.000207	0.352368	0.000000	0.145327	0.057114	0.053498	0.001424	0.000000	0.050665	0.104784	0.000415	0.016887	0.000000	0.000000	0.006597	0.006937	0.099342	0.019810	0.000000	0.000000	0.005991	0.046337
0.023317	0.012749	0.032588	0.004231	0.004979	0.003971	0.003309	0.003249	0.003357	0.000000	0.004610	0.003883	0.003359	0.003247	0.005640	0.005686	0.003245	0.004038	0.003278	0.004390	0.003297	0.004947	0.003265	0.014587	0.029140	0.003265	0.005925	0.003477	0.003245	0.010961	0.003387	0.003559	0.005043	0.003331	0.003274	0.004898	0.025315	0.003366	0.004012	0.003632	0.004129	0.003480	0.004256	0.004555	0.004620	0.003582	0.004616	0.003635	0.003754	0.003619	0.003622	0.003414	0.005305	0.004124	0.003556	0.009102	0.003383	0.043635	0.003541	0.003398	0.004488	0.004966	0.004256	0.008514	0.003328	0.003923	0.005882	0.008095	0.003599	0.011906	0.007174	0.013790	0.003222	0.003226	0.003218	0.003230	0.003244	0.003204	0.003202	0.003198	0.003197	0.003197	0.003194	0.003228	0.003213	0.003216	0.003247	0.003200	0.003213	0.003199	0.003195	0.003199	0.003195	0.003229	0.003222	0.003238	0.354331	0.000000	0.147918	0.059973	0.056367	0.004452	0.000000	0.053543	0.107498	0.003445	0.019867	0.000000	0.000000	0.009609	0.009947	0.102073	0.022782	0.000000	0.000000	0.009005	0.049228
0.021577	0.010991	0.030865	0.002457	0.003207	0.002197	0.001534	0.001474	0.001583	0.004610	0.000000	0.002117	0.001592	0.001480	0.003877	0.003924	0.001478	0.002273	0.001511	0.002625	0.001531	0.003183	0.001498	0.012840	0.027419	0.001499	0.004163	0.001711	0.001478	0.009208	0.001620	0.001793	0.003280	0.001565	0.001507	0.003134	0.023587	0.001599	0.002247	0.001866	0.002364	0.001713	0.002491	0.002790	0.002855	0.001816	0.002852	0.001869	0.001988	0.001853	0.001856	0.001647	0.003542	0.002358	0.001789	0.007345	0.001616	0.041940	0.001775	0.001631	0.002723	0.003203	0.002491	0.006757	0.001561	0.002157	0.004120	0.006337	0.001833	0.010154	0.005414	0.012042	0.001455	0.001459	0.001451	0.001463	0.001478	0.001437	0.001435	0.001431	0.001430	0.001430	0.001427	0.001461	0.001446	0.001449	0.001480	0.001433	0.001446	0.001432	0.001428	0.001432	0.001428	0.001462	0.001455	0.001471	0.353187	0.000000	0.146408	0.058306	0.054695	0.002687	0.000000	0.051866	0.105916	0.001679	0.018130	0.000000	0.000000	0.007853	0.008192	0.100481	0.021050	0.000000	0.000000	0.007248	0.047543
0.020863	0.010269	0.030158	0.001729	0.002479	0.001469	0.000806	0.000745	0.000854	0.003883	0.002117	0.000000	0.000865	0.000753	0.003152	0.003198	0.000751	0.001546	0.000784	0.001899	0.000804	0.002457	0.000771	0.012121	0.026710	0.000771	0.003438	0.000984	0.000751	0.008487	0.000893	0.001066	0.002554	0.000837	0.000780	0.002408	0.022876	0.000872	0.001520	0.001139	0.001638	0.000986	0.001765	0.002064	0.002129	0.001089	0.002126	0.001142	0.001261	0.001126	0.001129	0.000920	0.002816	0.001632	0.001062	0.006622	0.000889	0.041242	0.001048	0.000904	0.001997	0.002477	0.001765	0.006034	0.000834	0.001430	0.003395	0.005613	0.001106	0.009433	0.004690	0.011322	0.000727	0.000732	0.000724	0.000736	0.000750	0.000710	0.000708	0.000704	0.000703	0.000703	0.000700	0.000734	0.000719	0.000722	0.000753	0.000705	0.000719	0.000705	0.000701	0.000705	0.000700	0.000735	0.000727	0.000744	0.352716	0.000000	0.145786	0.057621	0.054006	0.001961	0.000000	0.051175	0.105265	0.000952	0.017415	0.000000	0.000000	0.007131	0.007470	0.099826	0.020337	0.000000	0.000000	0.006525	0.046849
0.020348	0.009748	0.029648	0.001204	0.001954	0.000944	0.000280	0.000219	0.000328	0.003359	0.001592	0.000865	0.000000	0.000228	0.002628	0.002674	0.000226	0.001022	0.000259	0.001374	0.000278	0.001933	0.000245	0.011602	0.026199	0.000246	0.002914	0.000459	0.000226	0.007966	0.000368	0.000541	0.002029	0.000312	0.000255	0.001884	0.022362	0.000347	0.000995	0.000614	0.001113	0.000461	0.001240	0.001539	0.001605	0.000564	0.001601	0.000617	0.000736	0.000601	0.000604	0.000395	0.002292	0.001107	0.000537	0.006100	0.000364	0.040738	0.000523	0.000379	0.001473	0.001952	0.001240	0.005511	0.000309	0.000906	0.002871	0.005091	0.000581	0.008913	0.004166	0.010803	0.000202	0.000207	0.000199	0.000211	0.000225	0.000184	0.000183	0.000179	0.000178	0.000178	0.000174	0.000209	0.000194	0.000196	0.000228	0.000180	0.000194	0.000179	0.000176	0.000179	0.000175	0.000210	0.000202	0.000218	0.352375	0.000000	0.145337	0.057125	0.053509	0.001436	0.000000	0.050676	0.104795	0.000427	0.016899	0.000000	0.000000	0.006609	0.006948	0.099353	0.019822	0.000000	0.000000	0.006003	0.046348
0.020238	0.009637	0.029538	0.001092	0.001842	0.000831	0.000168	0.000107	0.000216	0.003247	0.001480	0.000753	0.000228	0.000000	0.002516	0.002562	0.000113	0.000909	0.000146	0.001262	0.000166	0.001821	0.000133	0.011491	0.026089	0.000134	0.002802	0.000346	0.000113	0.007854	0.000256	0.000428	0.001917	0.000200	0.000142	0.001772	0.022252	0.000234	0.000883	0.000501	0.001000	0.000349	0.001127	0.001427	0.001492	0.000451	0.001489	0.000504	0.000624	0.000488	0.000492	0.000283	0.002180	0.000995	0.000425	0.005988	0.000251	0.040630	0.000411	0.000267	0.001360	0.001840	0.001127	0.005399	0.000196	0.000793	0.002758	0.004979	0.000468	0.008801	0.004054	0.010691	0.000090	0.000094	0.000086	0.000098	0.000113	0.000072	0.000070	0.000066	0.000065	0.000065	0.000062	0.000096	0.000081	0.000084	0.000115	0.000068	0.000081	0.000067	0.000063	0.000067	0.000063	0.000097	0.000090	0.000106	0.352302	0.000000	0.145241	0.057019	0.053402	0.001324	0.000000	0.050569	0.104694	0.000314	0.016788	0.000000	0.000000	0.006497	0.006837	0.099251	0.019711	0.000000	0.000000	0.005891	0.046241
0.022590	0.012015	0.031868	0.003490	0.004238	0.003230	0.002568	0.002507	0.002616	0.005640	0.003877	0.003152	0.002628	0.002516	0.000000	0.004951	0.002508	0.003302	0.002541	0.003654	0.002560	0.004211	0.002527	0.013858	0.028421	0.002528	0.005190	0.002740	0.002508	0.010230	0.002650	0.002822	0.004307	0.002594	0.002537	0.004162	0.024594	0.002629	0.003275	0.002895	0.003393	0.002743	0.003519	0.003818	0.003883	0.002845	0.003880	0.002898	0.003017	0.002882	0.002885	0.002677	0.004569	0.003387	0.002819	0.008369	0.002645	0.042927	0.002804	0.002661	0.003752	0.004230	0.003519	0.007781	0.002591	0.003186	0.005147	0.007361	0.002862	0.011175	0.006439	0.013060	0.002484	0.002488	0.002481	0.002493	0.002507	0.002466	0.002465	0.002461	0.002460	0.002460	0.002456	0.002491	0.002476	0.002478	0.002510	0.002462	0.002476	0.002461	0.002458	0.002461	0.002457	0.002492	0.002484	0.002500	0.353854	0.000000	0.147288	0.059277	0.055669	0.003715	0.000000	0.052843	0.106838	0.002708	0.019142	0.000000	0.000000	0.008876	0.009215	0.101408	0.022059	0.000000	0.000000	0.008272	0.048525
0.022636	0.012061	0.031913	0.003536	0.004285	0.003277	0.002614	0.002554	0.002663	0.005686	0.003924	0.003198	0.002674	0.002562	0.004951	0.000000	0.002554	0.003348	0.002587	0.003700	0.002607	0.004257	0.002574	0.013904	0.028467	0.002574	0.005236	0.002786	0.002554	0.010276	0.002696	0.002868	0.004353	0.002640	0.002583	0.004208	0.024639	0.002675	0.003322	0.002941	0.003439	0.002789	0.003566	0.003865	0.003930	0.002891	0.003926	0.002944	0.003063	0.002928	0.002932	0.002723	0.004615	0.003433	0.002865	0.008415	0.002692	0.042972	0.002851	0.002707	0.003798	0.004277	0.003566	0.007827	0.002637	0.003232	0.005193	0.007408	0.002908	0.011221	0.006485	0.013106	0.002531	0.002535	0.002527	0.002539	0.002553	0.002513	0.002511	0.002507	0.002506	0.002506	0.002503	0.002537	0.002522	0.002525	0.002556	0.002509	0.002522	0.002508	0.002504	0.002508	0.002504	0.002538	0.002531	0.002547	0.353884	0.000000	0.147327	0.059321	0.055713	0.003762	0.000000	0.052887	0.106879	0.002754	0.019188	0.000000	0.000000	0.008922	0.009261	0.101450	0.022104	0.000000	0.000000	0.008318	0.048569
0.020236	0.009635	0.029537	0.001090	0.001840	0.000830	0.000166	0.000105	0.000214	0.003245	0.001478	0.000751	0.000226	0.000113	0.002508	0.002554	0.000000	0.000907	0.000145	0.001260	0.000164	0.001819	0.000131	0.011489	0.026088	0.000132	0.002800	0.000344	0.000112	0.007852	0.000254	0.000427	0.001915	0.000198	0.000141	0.001770	0.022251	0.000233	0.000881	0.000499	0.000999	0.000347	0.001126	0.001425	0.001491	0.000449	0.001487	0.000503	0.000622	0.000487	0.000490	0.000281	0.002178	0.000993	0.000423	0.005987	0.000250	0.040628	0.000409	0.000265	0.001359	0.001838	0.001126	0.005398	0.000195	0.000791	0.002757	0.004977	0.000466	0.008799	0.004053	0.010689	0.000088	0.000092	0.000085	0.000096	0.000111	0.000070	0.000069	0.000064	0.000063	0.000063	0.000060	0.000095	0.000080	0.000082	0.000113	0.000066	0.000080	0.000065	0.000062	0.000065	0.000061	0.000096	0.000088	0.000104	0.352301	0.000000	0.145239	0.057018	0.053401	0.001322	0.000000	0.050568	0.104692	0.000312	0.016786	0.000000	0.000000	0.006495	0.006835	0.099250	0.019710	0.000000	0.000000	0.005889	0.046239
0.021016	0.010423	0.030309	0.001885	0.002635	0.001625	0.000961	0.000901	0.001010	0.004038	0.002273	0.001546	0.001022	0.000909	0.003302	0.003348	0.000907	0.000000	0.000940	0.002054	0.000959	0.002613	0.000926	0.012275	0.026862	0.000927	0.003593	0.001139	0.000907	0.008641	0.001049	0.001221	0.002709	0.000993	0.000935	0.002563	0.023028	0.001028	0.001675	0.001294	0.001793	0.001142	0.001920	0.002219	0.002284	0.001244	0.002281	0.001297	0.001417	0.001281	0.001285	0.001076	0.002971	0.001787	0.001218	0.006777	0.001045	0.041391	0.001204	0.001060	0.002152	0.002632	0.001920	0.006188	0.000990	0.001586	0.003550	0.005768	0.001261	0.009587	0.004844	0.011476	0.000883	0.000887	0.000880	0.000891	0.000906	0.000865	0.000864	0.000859	0.000858	0.000858	0.000855	0.000890	0.000875	0.000877	0.000908	0.000861	0.000875	0.000860	0.000857	0.000860	0.000856	0.000891	0.000883	0.000899	0.352816	0.000000	0.145919	0.057767	0.054153	0.002116	0.000000	0.051323	0.105404	0.001107	0.017568	0.000000	0.000000	0.007285	0.007624	0.099966	0.020489	0.000000	0.000000	0.006680	0.046997
0.020269	0.009668	0.029569	0.001123	0.001873	0.000863	0.000199	0.000138	0.000247	0.003278	0.001511	0.000784	0.000259	0.000146	0.002541	0.002587	0.000145	0.000940	0.000000	0.001293	0.000197	0.001852	0.000164	0.011522	0.026120	0.000165	0.002833	0.000377	0.000145	0.007885	0.000287	0.000460	0.001948	0.000231	0.000174	0.001803	0.022283	0.000266	0.000914	0.000532	0.001032	0.000380	0.001159	0.001458	0.001524	0.000482	0.001520	0.000536	0.000655	0.000520	0.000523	0.000314	0.002211	0.001026	0.000456	0.006020	0.000283	0.040660	0.000442	0.000298	0.001391	0.001871	0.001159	0.005430	0.000228	0.000824	0.002790	0.005010	0.000499	0.008832	0.004086	0.010722	0.000121	0.000125	0.000118	0.000129	0.000144	0.000103	0.000102	0.000097	0.000096	0.000096	0.000093	0.000128	0.000113	0.000115	0.000146	0.000099	0.000113	0.000098	0.000095	0.000098	0.000094	0.000129	0.000121	0.000137	0.352323	0.000000	0.145268	0.057049	0.053432	0.001355	0.000000	0.050599	0.104722	0.000345	0.016819	0.000000	0.000000	0.006528	0.006868	0.099280	0.019742	0.000000	0.000000	0.005922	0.046271
0.021362	0.010773	0.030652	0.002237	0.002987	0.001978	0.001314	0.001254	0.001363	0.004390	0.002625	0.001899	0.001374	0.001262	0.003654	0.003700	0.001260	0.002054	0.001293	0.000000	0.001311	0.002964	0.001278	0.012623	0.027205	0.001279	0.003944	0.001491	0.001259	0.008991	0.001401	0.001573	0.003061	0.001345	0.001288	0.002915	0.023373	0.001380	0.002027	0.001646	0.002145	0.001494	0.002272	0.002571	0.002636	0.001596	0.002633	0.001649	0.001769	0.001633	0.001637	0.001428	0.003323	0.002139	0.001570	0.007127	0.001397	0.041729	0.001556	0.001412	0.002504	0.002984	0.002272	0.006539	0.001342	0.001938	0.003901	0.006119	0.001613	0.009937	0.005195	0.011824	0.001235	0.001239	0.001232	0.001244	0.001258	0.001217	0.001216	0.001212	0.001211	0.001211	0.001207	0.001242	0.001227	0.001229	0.001261	0.001213	0.001227	0.001212	0.001209	0.001212	0.001208	0.001243	0.001235	0.001251	0.353044	0.000000	0.146220	0.058099	0.054487	0.002468	0.000000	0.051657	0.105719	0.001459	0.017914	0.000000	0.000000	0.007635	0.007974	0.100283	0.020834	0.000000	0.000000	0.007030	0.047333
0.020288	0.009687	0.029588	0.001142	0.001893	0.000882	0.000218	0.000157	0.000267	0.003297	0.001531	0.000804	0.000278	0.000166	0.002560	0.002607	0.000164	0.000959	0.000197	0.001311	0.000000	0.001871	0.000184	0.011541	0.026139	0.000185	0.002852	0.000397	0.000164	0.007904	0.000306	0.000479	0.001968	0.000251	0.000193	0.001822	0.022302	0.000285	0.000934	0.000552	0.001051	0.000399	0.001178	0.001478	0.001543	0.000502	0.001540	0.000555	0.000675	0.000539	0.000543	0.000333	0.002230	0.001045	0.000476	0.006039	0.000302	0.040679	0.000461	0.000317	0.001411	0.001891	0.001178	0.005450	0.000247	0.000844	0.002809	0.005029	0.000519	0.008851	0.004105	0.010741	0.000140	0.000145	0.000137	0.000149	0.000163	0.000123	0.000121	0.000117	0.000116	0.000116	0.000113	0.000147	0.000132	0.000135	0.000166	0.000118	0.000132	0.000118	0.000114	0.000118	0.000113	0.000148	0.000140	0.000157	0.352335	0.000000	0.145284	0.057067	0.053450	0.001375	0.000000	0.050618	0.104739	0.000365	0.016838	0.000000	0.000000	0.006548	0.006887	0.099297	0.019761	0.000000	0.000000	0.005942	0.046289
0.021909	0.011326	0.031194	0.002796	0.003545	0.002536	0.001873	0.001812	0.001921	0.004947	0.003183	0.002457	0.001933	0.001821	0.004211	0.004257	0.001819	0.002613	0.001852	0.002964	0.001871	0.000000	0.001835	0.013174	0.027747	0.001836	0.004500	0.002048	0.001816	0.009543	0.001958	0.002130	0.003617	0.001902	0.001845	0.003471	0.023917	0.001937	0.002584	0.002203	0.002701	0.002051	0.002828	0.003127	0.003192	0.002153	0.003189	0.002206	0.002325	0.002190	0.002194	0.001985	0.003878	0.002695	0.002127	0.007681	0.001954	0.042263	0.002112	0.001969	0.003061	0.003540	0.002828	0.007093	0.001899	0.002494	0.004456	0.006673	0.002170	0.010489	0.005750	0.012376	0.001792	0.001796	0.001789	0.001801	0.001815	0.001774	0.001773	0.001769	0.001768	0.001768	0.001764	0.001799	0.001784	0.001786	0.001818	0.001770	0.001784	0.001769	0.001766	0.001769	0.001765	0.001800	0.001792	0.001808	0.353405	0.000000	0.146696	0.058625	0.055014	0.003024	0.000000	0.052186	0.106218	0.002016	0.018462	0.000000	0.000000	0.008189	0.008528	0.100785	0.021381	0.000000	0.000000	0.007584	0.047865
0.020255	0.009655	0.029556	0.001109	0.001860	0.000849	0.000185	0.000124	0.000234	0.003265	0.001498	0.000771	0.000245	0.000133	0.002527	0.002574	0.000131	0.000926	0.000164	0.001278	0.000184	0.001835	0.000000	0.011509	0.026107	0.000152	0.002819	0.000364	0.000131	0.007872	0.000273	0.000446	0.001935	0.000218	0.000160	0.001789	0.022270	0.000252	0.000901	0.000519	0.001018	0.000366	0.001145	0.001445	0.001510	0.000469	0.001507	0.000522	0.000642	0.000506	0.000510	0.000300	0.002197	0.001012	0.000443	0.006006	0.000269	0.040647	0.000428	0.000284	0.001378	0.001858	0.001145	0.005417	0.000214	0.000811	0.002776	0.004996	0.000486	0.008819	0.004072	0.010709	0.000107	0.000112	0.000104	0.000116	0.000130	0.000090	0.000088	0.000084	0.000083	0.000083	0.000080	0.000114	0.000099	0.000102	0.000133	0.000085	0.000099	0.000085	0.000081	0.000085	0.000080	0.000115	0.000107	0.000124	0.352314	0.000000	0.145256	0.057036	0.053419	0.001342	0.000000	0.050586	0.104710	0.000332	0.016805	0.000000	0.000000	0.006515	0.006854	0.099267	0.019729	0.000000	0.000000	0.005909	0.046258
0.031385	0.020905	0.040579	0.012456	0.013198	0.012199	0.011543	0.011483	0.011591	0.014587	0.012840	0.012121	0.011602	0.011491	0.013858	0.013904	0.011489	0.012275	0.011522	0.012623	0.011541	0.013174	0.011509	0.000000	0.037044	0.011380	0.014018	0.011590	0.011360	0.019014	0.011501	0.011671	0.013144	0.011445	0.011389	0.013000	0.033250	0.011480	0.012121	0.011743	0.012237	0.011593	0.012363	0.012659	0.012723	0.011694	0.012720	0.011747	0.011865	0.011731	0.011734	0.011527	0.013403	0.012231	0.011668	0.017169	0.011497	0.051421	0.011654	0.011512	0.012593	0.013067	0.012363	0.016587	0.011442	0.012032	0.013975	0.016171	0.011711	0.019950	0.015257	0.021819	0.011337	0.011341	0.011333	0.011345	0.011359	0.011319	0.011317	0.011313	0.011312	0.011312	0.011309	0.011343	0.011328	0.011331	0.011362	0.011315	0.011328	0.011314	0.011311	0.011314	0.011310	0.011344	0.011337	0.011353	0.359588	0.000000	0.154855	0.067626	0.064050	0.012557	0.000000	0.061249	0.114764	0.011558	0.027847	0.000000	0.000000	0.017672	0.018008	0.109383	0.030738	0.000000	0.000000	0.017073	0.056969
0.045689	0.035364	0.054748	0.027040	0.027771	0.026787	0.026140	0.026081	0.026187	0.029140	0.027419	0.026710	0.026199	0.026089	0.028421	0.028467	0.026088	0.026862	0.026120	0.027205	0.026139	0.027747	0.026107	0.037044	0.000000	0.025447	0.028047	0.025654	0.025427	0.032972	0.025566	0.025734	0.027185	0.025511	0.025455	0.027043	0.047006	0.025545	0.026177	0.025805	0.026292	0.025656	0.026415	0.026707	0.026771	0.025756	0.026768	0.025808	0.025925	0.025793	0.025796	0.025592	0.027441	0.026286	0.025731	0.031153	0.025562	0.064918	0.025717	0.025576	0.026642	0.027110	0.026415	0.030579	0.025508	0.026090	0.028005	0.030169	0.025773	0.033895	0.029268	0.035737	0.025404	0.025408	0.025401	0.025412	0.025426	0.025387	0.025385	0.025381	0.025380	0.025380	0.025377	0.025411	0.025396	0.025398	0.025429	0.025383	0.025396	0.025382	0.025378	0.025382	0.025378	0.025411	0.025404	0.025420	0.368700	0.000000	0.166880	0.080892	0.077367	0.026607	0.000000	0.074606	0.127360	0.025623	0.041679	0.000000	0.000000	0.031649	0.031980	0.122055	0.044529	0.000000	0.000000	0.031058	0.070387
0.020256	0.009655	0.029556	0.001110	0.001861	0.000850	0.000186	0.000125	0.000234	0.003265	0.001499	0.000771	0.000246	0.000134	0.002528	0.002574	0.000132	0.000927	0.000165	0.001279	0.000185	0.001836	0.000152	0.011380	0.025447	0.000000	0.002820	0.000365	0.000132	0.007872	0.000274	0.000447	0.001936	0.000218	0.000161	0.001790	0.022271	0.000253	0.000901	0.000520	0.001019	0.000367	0.001146	0.001446	0.001511	0.000470	0.001507	0.000523	0.000642	0.000507	0.000510	0.000301	0.002198	0.001013	0.000444	0.006007	0.000270	0.040648	0.000429	0.000285	0.001379	0.001859	0.001146	0.005418	0.000215	0.000812	0.002777	0.004997	0.000487	0.008820	0.004073	0.010710	0.000108	0.000113	0.000105	0.000117	0.000131	0.000091	0.000089	0.000085	0.000084	0.000084	0.000080	0.000115	0.000100	0.000102	0.000134	0.000086	0.000100	0.000085	0.000082	0.000085	0.000081	0.000116	0.000108	0.000124	0.352315	0.000000	0.145257	0.057037	0.053420	0.001342	0.000000	0.050587	0.104710	0.000333	0.016806	0.000000	0.000000	0.006516	0.006855	0.099268	0.019730	0.000000	0.000000	0.005910	0.046259
0.022870	0.012298	0.032146	0.003776	0.004524	0.003516	0.002854	0.002793	0.002902	0.005925	0.004163	0.003438	0.002914	0.002802	0.005190	0.005236	0.002800	0.003593	0.002833	0.003944	0.002852	0.004500	0.002819	0.014018	0.028047	0.002820	0.000000	0.003025	0.002792	0.010512	0.002934	0.003106	0.004591	0.002879	0.002821	0.004446	0.024872	0.002913	0.003560	0.003179	0.003677	0.003027	0.003804	0.004103	0.004168	0.003129	0.004164	0.003182	0.003301	0.003166	0.003170	0.002961	0.004853	0.003671	0.003103	0.008652	0.002930	0.043200	0.003089	0.002945	0.004036	0.004515	0.003804	0.008064	0.002875	0.003470	0.005430	0.007645	0.003146	0.011457	0.006723	0.013342	0.002769	0.002773	0.002765	0.002777	0.002792	0.002751	0.002749	0.002745	0.002744	0.002744	0.002741	0.002776	0.002760	0.002763	0.002794	0.002747	0.002760	0.002746	0.002743	0.002746	0.002742	0.002776	0.002769	0.002785	0.354038	0.000000	0.147531	0.059546	0.055939	0.004000	0.000000	0.053113	0.107093	0.002993	0.019422	0.000000	0.000000	0.009159	0.009498	0.101665	0.022338	0.000000	0.000000	0.008555	0.048796
0.020464	0.009866	0.029763	0.001323	0.002073	0.001062	0.000399	0.000338	0.000447	0.003477	0.001711	0.000984	0.000459	0.000346	0.002740	0.002786	0.000344	0.001139	0.000377	0.001491	0.000397	0.002048	0.000364	0.011590	0.025654	0.000365	0.003025	0.000000	0.000344	0.008083	0.000487	0.000659	0.002148	0.000431	0.000373	0.002002	0.022478	0.000465	0.001114	0.000732	0.001231	0.000580	0.001358	0.001658	0.001723	0.000682	0.001720	0.000735	0.000855	0.000719	0.000723	0.000514	0.002410	0.001225	0.000656	0.006218	0.000482	0.040852	0.000641	0.000498	0.001591	0.002071	0.001358	0.005629	0.000427	0.001024	0.002989	0.005209	0.000699	0.009030	0.004284	0.010920	0.000321	0.000325	0.000317	0.000329	0.000344	0.000303	0.000301	0.000297	0.000296	0.000296	0.000293	0.000327	0.000312	0.000315	0.000346	0.000299	0.000312	0.000298	0.000294	0.000298	0.000294	0.000328	0.000321	0.000337	0.352452	0.000000	0.145438	0.057237	0.053621	0.001555	0.000000	0.050789	0.104901	0.000545	0.017015	0.000000	0.000000	0.006727	0.007066	0.099459	0.019938	0.000000	0.000000	0.006121	0.046461
0.020236	0.009635	0.029537	0.001090	0.001840	0.000830	0.000166	0.000105	0.000214	0.003245	0.001478	0.000751	0.000226	0.000113	0.002508	0.002554	0.000112	0.000907	0.000145	0.001259	0.000164	0.001816	0.000131	0.011360	0.025427	0.000132	0.002792	0.000344	0.000000	0.007852	0.000254	0.000427	0.001915	0.000198	0.000141	0.001770	0.022251	0.000233	0.000881	0.000499	0.000999	0.000347	0.001126	0.001425	0.001491	0.000449	0.001487	0.000503	0.000622	0.000487	0.000490	0.000281	0.002178	0.000993	0.000423	0.005987	0.000250	0.040628	0.000409	0.000265	0.001359	0.001838	0.001126	0.005398	0.000195	0.000791	0.002757	0.004977	0.000466	0.008799	0.004053	0.010689	0.000088	0.000092	0.000085	0.000096	0.000111	0.000070	0.000069	0.000064	0.000063	0.000063	0.000060	0.000095	0.000080	0.000082	0.000113	0.000066	0.000080	0.000065	0.000062	0.000065	0.000061	0.000096	0.000088	0.000104	0.352301	0.000000	0.145239	0.057018	0.053401	0.001322	0.000000	0.050568	0.104692	0.000312	0.016786	0.000000	0.000000	0.006495	0.006835	0.099250	0.019710	0.000000	0.000000	0.005889	0.046239
0.027821	0.017302	0.037049	0.008823	0.009567	0.008565	0.007906	0.007846	0.007954	0.010961	0.009208	0.008487	0.007966	0.007854	0.010230	0.010276	0.007852	0.008641	0.007885	0.008991	0.007904	0.009543	0.007872	0.019014	0.032972	0.007872	0.010512	0.008083	0.007852	0.000000	0.007933	0.008104	0.009582	0.007878	0.007821	0.009437	0.029761	0.007912	0.008555	0.008177	0.008672	0.008025	0.008798	0.009096	0.009160	0.008127	0.009157	0.008180	0.008298	0.008164	0.008167	0.007960	0.009842	0.008666	0.008101	0.013622	0.007929	0.047997	0.008087	0.007944	0.009029	0.009505	0.008798	0.013037	0.007874	0.008466	0.010417	0.012620	0.008144	0.016413	0.011703	0.018288	0.007768	0.007773	0.007765	0.007777	0.007791	0.007751	0.007749	0.007745	0.007744	0.007744	0.007741	0.007775	0.007760	0.007763	0.007794	0.007747	0.007760	0.007746	0.007742	0.007746	0.007742	0.007776	0.007768	0.007784	0.357276	0.000000	0.151805	0.064261	0.060672	0.008993	0.000000	0.057860	0.111569	0.007991	0.024338	0.000000	0.000000	0.014127	0.014463	0.106169	0.027239	0.000000	0.000000	0.013525	0.053565
0.020376	0.009776	0.029675	0.001232	0.001982	0.000972	0.000308	0.000247	0.000356	0.003387	0.001620	0.000893	0.000368	0.000256	0.002650	0.002696	0.000254	0.001049	0.000287	0.001401	0.000306	0.001958	0.000273	0.011501	0.025566	0.000274	0.002934	0.000487	0.000254	0.007933	0.000000	0.000569	0.002057	0.000340	0.000283	0.001912	0.022390	0.000375	0.001023	0.000641	0.001141	0.000489	0.001268	0.001567	0.001633	0.000592	0.001629	0.000645	0.000764	0.000629	0.000632	0.000423	0.002320	0.001135	0.000565	0.006128	0.000392	0.040765	0.000551	0.000407	0.001500	0.001980	0.001268	0.005539	0.000337	0.000933	0.002899	0.005118	0.000608	0.008940	0.004194	0.010830	0.000230	0.000234	0.000227	0.000239	0.000253	0.000212	0.000211	0.000206	0.000206	0.000206	0.000202	0.000237	0.000222	0.000224	0.000256	0.000208	0.000222	0.000207	0.000204	0.000207	0.000203	0.000238	0.000230	0.000246	0.352393	0.000000	0.145361	0.057152	0.053535	0.001464	0.000000	0.050703	0.104820	0.000454	0.016926	0.000000	0.000000	0.006637	0.006976	0.099378	0.019849	0.000000	0.000000	0.006031	0.046375
0.020545	0.009947	0.029842	0.001405	0.002155	0.001144	0.000481	0.000420	0.000529	0.003559	0.001793	0.001066	0.000541	0.000428	0.002822	0.002868	0.000427	0.001221	0.000460	0.001573	0.000479	0.002130	0.000446	0.011671	0.025734	0.000447	0.003106	0.000659	0.000427	0.008104	0.000569	0.000000	0.002230	0.000513	0.000455	0.002084	0.022559	0.000547	0.001196	0.000814	0.001313	0.000662	0.001440	0.001740	0.001805	0.000764	0.001801	0.000817	0.000937	0.000801	0.000805	0.000596	0.002492	0.001307	0.000738	0.006300	0.000564	0.040930	0.000723	0.000580	0.001673	0.002153	0.001440	0.005711	0.000509	0.001106	0.003071	0.005290	0.000781	0.009111	0.004366	0.011001	0.000403	0.000407	0.000399	0.000411	0.000426	0.000385	0.000383	0.000379	0.000378	0.000378	0.000375	0.000410	0.000394	0.000397	0.000428	0.000381	0.000394	0.000380	0.000377	0.000380	0.000376	0.000410	0.000403	0.000419	0.352505	0.000000	0.145508	0.057314	0.053699	0.001636	0.000000	0.050867	0.104974	0.000627	0.017096	0.000000	0.000000	0.006808	0.007147	0.099533	0.020018	0.000000	0.000000	0.006202	0.046539
0.022004	0.011422	0.031287	0.002892	0.003641	0.002632	0.001970	0.001909	0.002018	0.005043	0.003280	0.002554	0.002029	0.001917	0.004307	0.004353	0.001915	0.002709	0.001948	0.003061	0.001968	0.003617	0.001935	0.013144	0.027185	0.001936	0.004591	0.002148	0.001915	0.009582	0.002057	0.002230	0.000000	0.001998	0.001941	0.003567	0.024011	0.002033	0.002680	0.002299	0.002797	0.002147	0.002924	0.003223	0.003288	0.002249	0.003285	0.002302	0.002421	0.002286	0.002290	0.002081	0.003974	0.002792	0.002223	0.007776	0.002050	0.042356	0.002209	0.002065	0.003157	0.003636	0.002924	0.007188	0.001995	0.002590	0.004552	0.006768	0.002266	0.010584	0.005846	0.012471	0.001888	0.001893	0.001885	0.001897	0.001911	0.001871	0.001869	0.001865	0.001864	0.001864	0.001860	0.001895	0.001880	0.001882	0.001914	0.001866	0.001880	0.001866	0.001862	0.001866	0.001861	0.001896	0.001888	0.001904	0.353468	0.000000	0.146778	0.058715	0.055105	0.003120	0.000000	0.052277	0.106304	0.002112	0.018557	0.000000	0.000000	0.008284	0.008623	0.100872	0.021475	0.000000	0.000000	0.007679	0.047956
0.020321	0.009721	0.029621	0.001176	0.001927	0.000916	0.000252	0.000191	0.000300	0.003331	0.001565	0.000837	0.000312	0.000200	0.002594	0.002640	0.000198	0.000993	0.000231	0.001345	0.000251	0.001902	0.000218	0.011445	0.025511	0.000218	0.002879	0.000431	0.000198	0.007878	0.000340	0.000513	0.001998	0.000000	0.000227	0.001856	0.022335	0.000319	0.000967	0.000586	0.001085	0.000433	0.001212	0.001512	0.001577	0.000536	0.001573	0.000589	0.000708	0.000573	0.000576	0.000367	0.002264	0.001079	0.000510	0.006073	0.000336	0.040711	0.000495	0.000351	0.001445	0.001925	0.001212	0.005483	0.000281	0.000878	0.002843	0.005063	0.000553	0.008885	0.004139	0.010775	0.000174	0.000179	0.000171	0.000183	0.000197	0.000157	0.000155	0.000151	0.000150	0.000150	0.000146	0.000181	0.000166	0.000168	0.000200	0.000152	0.000166	0.000151	0.000148	0.000151	0.000147	0.000182	0.000174	0.000190	0.352357	0.000000	0.145313	0.057099	0.053483	0.001408	0.000000	0.050650	0.104770	0.000399	0.016871	0.000000	0.000000	0.006581	0.006921	0.099328	0.019794	0.000000	0.000000	0.005975	0.046322
0.020264	0.009664	0.029565	0.001119	0.001869	0.000859	0.000195	0.000134	0.000243	0.003274	0.001507	0.000780	0.000255	0.000142	0.002537	0.002583	0.000141	0.000935	0.000174	0.001288	0.000193	0.001845	0.000160	0.011389	0.025455	0.000161	0.002821	0.000373	0.000141	0.007821	0.000283	0.000455	0.001941	0.000227	0.000000	0.001799	0.022279	0.000262	0.000910	0.000528	0.001028	0.000376	0.001154	0.001454	0.001519	0.000478	0.001516	0.000532	0.000651	0.000515	0.000519	0.000310	0.002207	0.001022	0.000452	0.006015	0.000278	0.040656	0.000438	0.000294	0.001387	0.001867	0.001154	0.005426	0.000223	0.000820	0.002785	0.005006	0.000495	0.008828	0.004081	0.010718	0.000117	0.000121	0.000113	0.000125	0.000140	0.000099	0.000097	0.000093	0.000092	0.000092	0.000089	0.000124	0.000108	0.000111	0.000142	0.000095	0.000108	0.000094	0.000091	0.000094	0.000090	0.000124	0.000117	0.000133	0.352320	0.000000	0.145264	0.057045	0.053428	0.001351	0.000000	0.050595	0.104718	0.000341	0.016815	0.000000	0.000000	0.006524	0.006863	0.099276	0.019738	0.000000	0.000000	0.005918	0.046267
0.021861	0.011278	0.031146	0.002746	0.003496	0.002487	0.001824	0.001763	0.001872	0.004898	0.003134	0.002408	0.001884	0.001772	0.004162	0.004208	0.001770	0.002563	0.001803	0.002915	0.001822	0.003471	0.001789	0.013000	0.027043	0.001790	0.004446	0.002002	0.001770	0.009437	0.001912	0.002084	0.003567	0.001856	0.001799	0.000000	0.023869	0.001888	0.002535	0.002154	0.002653	0.002002	0.002779	0.003078	0.003143	0.002104	0.003140	0.002157	0.002276	0.002141	0.002145	0.001936	0.003830	0.002647	0.002078	0.007632	0.001905	0.042216	0.002064	0.001920	0.003012	0.003491	0.002779	0.007044	0.001850	0.002445	0.004408	0.006624	0.002121	0.010440	0.005701	0.012327	0.001743	0.001748	0.001740	0.001752	0.001766	0.001726	0.001724	0.001720	0.001719	0.001719	0.001715	0.001750	0.001735	0.001737	0.001769	0.001721	0.001735	0.001720	0.001717	0.001720	0.001716	0.001751	0.001743	0.001759	0.353374	0.000000	0.146654	0.058579	0.054968	0.002975	0.000000	0.052140	0.106174	0.001967	0.018414	0.000000	0.000000	0.008140	0.008479	0.100741	0.021333	0.000000	0.000000	0.007535	0.047818
0.041930	0.031563	0.051024	0.023207	0.023941	0.022953	0.022304	0.022244	0.022351	0.025315	0.023587	0.022876	0.022362	0.022252	0.024594	0.024639	0.022251	0.023028	0.022283	0.023373	0.022302	0.023917	0.022270	0.033250	0.047006	0.022271	0.024872	0.022478	0.022251	0.029761	0.022390	0.022559	0.024011	0.022335	0.022279	0.023869	0.000000	0.021887	0.022522	0.022148	0.022637	0.021999	0.022761	0.023054	0.023118	0.022099	0.023114	0.022151	0.022268	0.022136	0.022139	0.021934	0.023790	0.022631	0.022074	0.027517	0.021904	0.061408	0.022059	0.021919	0.022989	0.023458	0.022761	0.026940	0.021850	0.022434	0.024357	0.026529	0.022116	0.030268	0.025624	0.032117	0.021746	0.021750	0.021742	0.021754	0.021768	0.021728	0.021727	0.021722	0.021722	0.021722	0.021718	0.021752	0.021737	0.021740	0.021770	0.021724	0.021737	0.021723	0.021720	0.021723	0.021719	0.021753	0.021746	0.021761	0.366330	0.000000	0.163753	0.077442	0.073904	0.022953	0.000000	0.071132	0.124084	0.021965	0.038082	0.000000	0.000000	0.028014	0.028346	0.118760	0.040942	0.000000	0.000000	0.027421	0.066897
