0.000000	0.000000	0.000000	0.000000	0.000000	0.038699	0.037381	0.037096	0.038543	0.000000	0.000000	0.037475	0.037353	0.037846	0.000000	0.038331	0.039889	0.037684	0.037472	0.038650	0.039183	0.039639	0.037347	0.000000	0.000000	0.037019	0.000000	0.037943	0.037025	0.000000	0.037916	0.000000	0.000000	0.038285	0.000000	0.038282	0.000000	0.038138	0.000000	0.037314	0.000000	0.037189	0.039757	0.000000	0.000000	0.037920	0.037675	0.038520	0.038190	0.038328	0.038718	0.000000	0.000000	0.000000	0.000000	0.000000	0.000000	0.000000	0.037512	0.038037	0.000000	0.000000	0.039757	0.000000	0.037504	0.000000	0.000000	0.000000	0.000000	0.000000	0.000000	0.000000	0.037187	0.037206	0.037199	0.037232	0.037240	0.037174	0.037171	0.037140	0.037156	0.037187	0.037194	0.037277	0.037231	0.037236	0.037306	0.037006	0.036976	0.037018	0.037036	0.037021	0.036989	0.037221	0.037358	0.037357	0.000000	0.000000	0.000000	0.000000	0.000000	0.039237	0.000000	0.000000	0.000000	0.038324	0.000000	0.000000	0.000000	0.000000	0.000000	0.000000	0.000000	0.000000	0.000000	0.000000	0.000000
0.000000	0.000000	0.000000	0.000000	0.000000	0.000000	0.000000	0.000000	0.000000	0.000000	0.000000	0.000000	0.000000	0.000000	0.000000	0.000000	0.000000	0.000000	0.000000	0.000000	0.000000	0.000000	0.000000	0.000000	0.000000	0.000000	0.000000	0.000000	0.000000	0.000000	0.000000	0.000000	0.000000	0.000000	0.000000	0.000000	0.000000	0.000000	0.000000	0.000000	0.000000	0.000000	0.000000	0.000000	0.000000	0.000000	0.000000	0.000000	0.000000	0.000000	0.000000	0.000000	0.000000	0.000000	0.000000	0.000000	0.000000	0.000000	0.000000	0.000000	0.000000	0.000000	0.000000	0.000000	0.000000	0.000000	0.000000	0.000000	0.000000	0.000000	0.000000	0.000000	0.000000	0.000000	0.000000	0.000000	0.000000	0.000000	0.000000	0.000000	0.000000	0.000000	0.000000	0.000000	0.000000	0.000000	0.000000	0.000000	0.000000	0.000000	0.000000	0.000000	0.000000	0.000000	0.000000	0.000000	0.000000	0.000000	0.000000	0.000000	0.000000	0.000000	0.000000	0.000000	0.000000	0.000000	0.000000	0.000000	0.000000	0.000000	0.000000	0.000000	0.000000	0.000000	0.000000	0.000000	0.000000
0.000000	0.000000	0.000000	0.000000	0.000000	0.000000	0.000000	0.000000	0.000000	0.000000	0.000000	0.000000	0.000000	0.000000	0.000000	0.000000	0.000000	0.000000	0.000000	0.000000	0.000000	0.000000	0.000000	0.000000	0.000000	0.000000	0.000000	0.000000	0.000000	0.000000	0.000000	0.000000	0.000000	0.000000	0.000000	0.000000	0.000000	0.000000	0.000000	0.000000	0.000000	0.000000	0.000000	0.000000	0.000000	0.000000	0.000000	0.000000	0.000000	0.000000	0.000000	0.000000	0.000000	0.000000	0.000000	0.000000	0.000000	0.000000	0.000000	0.000000	0.000000	0.000000	0.000000	0.000000	0.000000	0.000000	0.000000	0.000000	0.000000	0.000000	0.000000	0.000000	0.000000	0.000000	0.000000	0.000000	0.000000	0.000000	0.000000	0.000000	0.000000	0.000000	0.000000	0.000000	0.000000	0.000000	0.000000	0.000000	0.000000	0.000000	0.000000	0.000000	0.000000	0.000000	0.000000	0.000000	0.000000	0.000000	0.000000	0.000000	0.000000	0.000000	0.000000	0.000000	0.000000	0.000000	0.000000	0.000000	0.000000	0.000000	0.000000	0.000000	0.000000	0.000000	0.000000	0.000000	0.000000
0.000000	0.000000	0.000000	0.000000	0.013088	0.008852	0.007493	0.007199	0.008690	0.021297	0.016246	0.007590	0.007464	0.007972	0.013478	0.008472	0.010078	0.007805	0.007586	0.008801	0.009351	0.009821	0.007457	0.023784	0.000000	0.007119	0.015382	0.008072	0.007126	0.037325	0.008044	0.019770	0.020969	0.008424	0.021237	0.008422	0.028786	0.008273	0.010345	0.007423	0.010597	0.007295	0.009943	0.022635	0.010548	0.008048	0.007796	0.008667	0.008327	0.008469	0.008871	0.000000	0.024735	0.000000	0.011741	0.021051	0.012031	0.000000	0.007627	0.008169	0.016883	0.012340	0.009943	0.018979	0.007620	0.011228	0.014639	0.034280	0.010294	0.000000	0.000000	0.000000	0.007293	0.007313	0.007305	0.007339	0.007348	0.007280	0.007277	0.007244	0.007261	0.007293	0.007300	0.007385	0.007338	0.007344	0.007415	0.007106	0.007076	0.007119	0.007137	0.007122	0.007088	0.007328	0.007469	0.007468	0.014305	0.000000	0.000000	0.000000	0.000000	0.009407	0.000000	0.000000	0.000000	0.008465	0.000000	0.000000	0.000000	0.000000	0.000000	0.022992	0.000000	0.000000	0.000000	0.000000	0.000000
0.000000	0.000000	0.000000	0.013088	0.000000	0.007839	0.006479	0.006185	0.007678	0.020298	0.015241	0.006576	0.006450	0.006958	0.012470	0.007459	0.009067	0.006792	0.006573	0.007788	0.008339	0.008810	0.006444	0.022787	0.000000	0.006105	0.014376	0.007059	0.006111	0.036341	0.007031	0.018768	0.019969	0.007411	0.020237	0.007409	0.027794	0.007260	0.009335	0.006409	0.009586	0.006281	0.008932	0.021637	0.009537	0.007035	0.006783	0.007654	0.007314	0.007456	0.007858	0.000000	0.023739	0.000000	0.010732	0.020051	0.011022	0.000000	0.006614	0.007156	0.015879	0.011331	0.008932	0.017977	0.006606	0.010218	0.013633	0.033294	0.009283	0.000000	0.000000	0.000000	0.006279	0.006299	0.006291	0.006325	0.006334	0.006265	0.006262	0.006230	0.006246	0.006279	0.006286	0.006371	0.006324	0.006330	0.006401	0.006091	0.006061	0.006104	0.006123	0.006107	0.006074	0.006314	0.006455	0.006454	0.013298	0.000000	0.000000	0.000000	0.000000	0.008395	0.000000	0.000000	0.000000	0.007453	0.000000	0.000000	0.000000	0.000000	0.000000	0.021994	0.000000	0.000000	0.000000	0.000000	0.000000
0.038699	0.000000	0.000000	0.008852	0.007839	0.000000	0.002249	0.001953	0.003452	0.016126	0.011048	0.002346	0.002219	0.002730	0.008265	0.003233	0.004848	0.002563	0.002342	0.003563	0.004117	0.004589	0.002213	0.018626	0.037340	0.001873	0.010179	0.002831	0.001879	0.032238	0.002803	0.014590	0.015796	0.003185	0.016065	0.003182	0.023654	0.003033	0.005116	0.002179	0.005369	0.002049	0.004712	0.017471	0.005320	0.002807	0.002554	0.003429	0.003087	0.003230	0.003634	0.000000	0.019582	0.036630	0.006519	0.015878	0.006811	0.000000	0.002384	0.002928	0.011688	0.007121	0.004712	0.013796	0.002376	0.006003	0.009433	0.029177	0.005065	0.000000	0.037139	0.000000	0.002048	0.002067	0.002059	0.002094	0.002103	0.002034	0.002031	0.001998	0.002015	0.002048	0.002054	0.002140	0.002093	0.002099	0.002171	0.001859	0.001829	0.001872	0.001891	0.001875	0.001842	0.002083	0.002225	0.002224	0.009096	0.000000	0.000000	0.000000	0.000000	0.004172	0.000000	0.000000	0.000000	0.003226	0.000000	0.000000	0.036276	0.000000	0.000000	0.017830	0.038701	0.000000	0.000000	0.000000	0.000000
0.037381	0.000000	0.000000	0.007493	0.006479	0.002249	0.000000	0.000588	0.002089	0.014780	0.009695	0.000981	0.000855	0.001366	0.006909	0.001869	0.003486	0.001198	0.000978	0.002200	0.002754	0.003228	0.000848	0.017284	0.036023	0.000508	0.008825	0.001467	0.000514	0.030914	0.001439	0.013242	0.014450	0.001821	0.014719	0.001819	0.022319	0.001670	0.003755	0.000814	0.004008	0.000684	0.003350	0.016127	0.003959	0.001443	0.001189	0.002066	0.001723	0.001866	0.002271	0.000000	0.018241	0.035312	0.005161	0.014532	0.005452	0.000000	0.001019	0.001565	0.010337	0.005763	0.003350	0.012447	0.001012	0.004643	0.008078	0.027849	0.003704	0.000000	0.035822	0.000000	0.000683	0.000702	0.000694	0.000729	0.000738	0.000669	0.000666	0.000633	0.000650	0.000683	0.000689	0.000775	0.000728	0.000734	0.000806	0.000494	0.000464	0.000507	0.000526	0.000510	0.000476	0.000718	0.000860	0.000859	0.007741	0.000000	0.000000	0.000000	0.000000	0.002810	0.000000	0.000000	0.000000	0.001863	0.000000	0.000000	0.034958	0.038711	0.000000	0.016487	0.037386	0.000000	0.000000	0.000000	0.000000
0.037096	0.000000	0.000000	0.007199	0.006185	0.001953	0.000588	0.000000	0.001794	0.014489	0.009402	0.000686	0.000559	0.001070	0.006615	0.001574	0.003192	0.000903	0.000682	0.001905	0.002459	0.002933	0.000553	0.016993	0.035738	0.000212	0.008532	0.001172	0.000219	0.030627	0.001144	0.012951	0.014158	0.001526	0.014428	0.001524	0.022029	0.001374	0.003461	0.000518	0.003714	0.000389	0.003055	0.015836	0.003665	0.001148	0.000894	0.001770	0.001428	0.001571	0.001976	0.000000	0.017951	0.035027	0.004866	0.014241	0.005158	0.000000	0.000724	0.001269	0.010044	0.005469	0.003055	0.012155	0.000716	0.004349	0.007784	0.027562	0.003409	0.000000	0.035537	0.000000	0.000387	0.000407	0.000399	0.000433	0.000442	0.000373	0.000370	0.000338	0.000354	0.000387	0.000394	0.000480	0.000433	0.000438	0.000510	0.000198	0.000168	0.000211	0.000230	0.000214	0.000181	0.000422	0.000564	0.000563	0.007447	0.000000	0.000000	0.000000	0.000000	0.002515	0.000000	0.000000	0.000000	0.001568	0.000000	0.000000	0.034673	0.038427	0.000000	0.016196	0.037101	0.000000	0.000000	0.000000	0.000000
0.038543	0.000000	0.000000	0.008690	0.007678	0.003452	0.002089	0.001794	0.000000	0.015966	0.010888	0.002184	0.002058	0.002568	0.008104	0.003071	0.004686	0.002401	0.002181	0.003402	0.003955	0.004428	0.002051	0.018467	0.037184	0.001711	0.010018	0.002669	0.001717	0.032081	0.002641	0.014430	0.015636	0.003023	0.015905	0.003021	0.023496	0.002871	0.004955	0.002017	0.005207	0.001887	0.004550	0.017311	0.005158	0.002645	0.002392	0.003267	0.002925	0.003068	0.003472	0.000000	0.019423	0.036474	0.006358	0.015718	0.006649	0.000000	0.002222	0.002767	0.011528	0.006960	0.004550	0.013636	0.002214	0.005842	0.009272	0.029020	0.004903	0.000000	0.036983	0.000000	0.001886	0.001905	0.001897	0.001932	0.001941	0.001872	0.001869	0.001836	0.001853	0.001886	0.001892	0.001978	0.001931	0.001937	0.002009	0.001697	0.001667	0.001710	0.001729	0.001713	0.001680	0.001921	0.002063	0.002062	0.008935	0.000000	0.000000	0.000000	0.000000	0.004011	0.000000	0.000000	0.000000	0.003064	0.000000	0.000000	0.036120	0.039868	0.000000	0.017671	0.038545	0.000000	0.000000	0.000000	0.000000
0.000000	0.000000	0.000000	0.021297	0.020298	0.016126	0.014780	0.014489	0.015966	0.000000	0.023268	0.014674	0.014549	0.015053	0.020520	0.015549	0.017144	0.014888	0.014670	0.015876	0.016422	0.016889	0.014542	0.030753	0.000000	0.014206	0.022410	0.015153	0.014213	0.000000	0.015125	0.026767	0.027957	0.015502	0.028223	0.015500	0.035719	0.015352	0.017410	0.014508	0.017659	0.014381	0.017010	0.029612	0.017611	0.015129	0.014879	0.015743	0.015405	0.015547	0.015946	0.000000	0.031697	0.000000	0.018796	0.028039	0.019083	0.000000	0.014711	0.015249	0.023901	0.019390	0.017010	0.025982	0.014704	0.018285	0.021673	0.000000	0.017359	0.000000	0.000000	0.000000	0.014379	0.014398	0.014391	0.014424	0.014433	0.014366	0.014363	0.014330	0.014347	0.014379	0.014386	0.014471	0.014424	0.014429	0.014500	0.014193	0.014163	0.014206	0.014224	0.014209	0.014176	0.014414	0.014554	0.014553	0.021340	0.000000	0.000000	0.000000	0.000000	0.016478	0.000000	0.000000	0.000000	0.015543	0.000000	0.000000	0.000000	0.000000	0.000000	0.029966	0.000000	0.000000	0.000000	0.000000	0.000000
0.000000	0.000000	0.000000	0.016246	0.015241	0.011048	0.009695	0.009402	0.010888	0.023268	0.000000	0.009707	0.009582	0.010088	0.015583	0.010587	0.012190	0.009922	0.009704	0.010916	0.011465	0.011934	0.009575	0.025867	0.000000	0.009238	0.017482	0.010189	0.009244	0.039379	0.010161	0.021861	0.023058	0.010540	0.023325	0.010537	0.030858	0.010389	0.012457	0.009541	0.012708	0.009413	0.012055	0.024720	0.012659	0.010165	0.009913	0.010782	0.010442	0.010584	0.010986	0.000000	0.026816	0.000000	0.013850	0.023139	0.014139	0.000000	0.009745	0.010285	0.018981	0.014447	0.012055	0.021072	0.009737	0.013337	0.016742	0.036341	0.012406	0.000000	0.000000	0.000000	0.009411	0.009431	0.009423	0.009457	0.009466	0.009398	0.009395	0.009362	0.009379	0.009411	0.009418	0.009503	0.009456	0.009462	0.009533	0.009224	0.009194	0.009237	0.009256	0.009240	0.009207	0.009446	0.009587	0.009586	0.016408	0.000000	0.000000	0.000000	0.000000	0.011520	0.000000	0.000000	0.000000	0.010581	0.000000	0.000000	0.000000	0.000000	0.000000	0.025077	0.000000	0.000000	0.000000	0.000000	0.000000
0.037475	0.000000	0.000000	0.007590	0.006576	0.002346	0.000981	0.000686	0.002184	0.014674	0.009707	0.000000	0.000952	0.001463	0.007005	0.001967	0.003583	0.001296	0.001075	0.002297	0.002851	0.003325	0.000945	0.017379	0.036117	0.000605	0.008922	0.001564	0.000611	0.031008	0.001536	0.013338	0.014546	0.001919	0.014815	0.001916	0.022414	0.001767	0.003852	0.000911	0.004105	0.000781	0.003447	0.016223	0.004056	0.001540	0.001286	0.002163	0.001820	0.001964	0.002368	0.000000	0.018336	0.035406	0.005257	0.014628	0.005549	0.000000	0.001116	0.001662	0.010433	0.005860	0.003447	0.012543	0.001109	0.004740	0.008174	0.027944	0.003801	0.000000	0.035916	0.000000	0.000780	0.000800	0.000792	0.000826	0.000835	0.000766	0.000763	0.000731	0.000747	0.000780	0.000787	0.000873	0.000825	0.000831	0.000903	0.000591	0.000561	0.000604	0.000623	0.000607	0.000574	0.000815	0.000957	0.000956	0.007837	0.000000	0.000000	0.000000	0.000000	0.002907	0.000000	0.000000	0.000000	0.001960	0.000000	0.000000	0.035052	0.038804	0.000000	0.016582	0.037480	0.000000	0.000000	0.000000	0.000000
0.037353	0.000000	0.000000	0.007464	0.006450	0.002219	0.000855	0.000559	0.002058	0.014549	0.009582	0.000952	0.000000	0.001337	0.006880	0.001840	0.003457	0.001169	0.000949	0.002171	0.002725	0.003198	0.000819	0.017255	0.035995	0.000478	0.008796	0.001438	0.000485	0.030886	0.001410	0.013213	0.014421	0.001792	0.014690	0.001790	0.022290	0.001640	0.003726	0.000785	0.003979	0.000655	0.003321	0.016098	0.003930	0.001414	0.001160	0.002036	0.001694	0.001837	0.002242	0.000000	0.018212	0.035284	0.005131	0.014503	0.005423	0.000000	0.000990	0.001535	0.010308	0.005734	0.003321	0.012418	0.000982	0.004614	0.008049	0.027821	0.003675	0.000000	0.035794	0.000000	0.000653	0.000673	0.000665	0.000699	0.000708	0.000640	0.000637	0.000604	0.000621	0.000653	0.000660	0.000746	0.000699	0.000704	0.000777	0.000465	0.000434	0.000478	0.000496	0.000481	0.000447	0.000689	0.000831	0.000829	0.007712	0.000000	0.000000	0.000000	0.000000	0.002781	0.000000	0.000000	0.000000	0.001834	0.000000	0.000000	0.034930	0.038683	0.000000	0.016458	0.037358	0.000000	0.000000	0.000000	0.000000
0.037846	0.000000	0.000000	0.007972	0.006958	0.002730	0.001366	0.001070	0.002568	0.015053	0.010088	0.001463	0.001337	0.000000	0.007387	0.002350	0.003966	0.001679	0.001459	0.002681	0.003235	0.003708	0.001329	0.017757	0.036487	0.000989	0.009302	0.001948	0.000995	0.031381	0.001920	0.013718	0.014924	0.002302	0.015194	0.002300	0.022789	0.002150	0.004235	0.001295	0.004488	0.001165	0.003830	0.016601	0.004439	0.001924	0.001670	0.002546	0.002204	0.002347	0.002751	0.000000	0.018714	0.035777	0.005640	0.015007	0.005931	0.000000	0.001500	0.002045	0.010813	0.006242	0.003830	0.012922	0.001493	0.005123	0.008556	0.028318	0.004184	0.000000	0.036287	0.000000	0.001164	0.001184	0.001176	0.001210	0.001219	0.001150	0.001147	0.001115	0.001131	0.001164	0.001170	0.001257	0.001209	0.001215	0.001287	0.000975	0.000945	0.000988	0.001007	0.000991	0.000958	0.001199	0.001341	0.001340	0.008219	0.000000	0.000000	0.000000	0.000000	0.003291	0.000000	0.000000	0.000000	0.002344	0.000000	0.000000	0.035423	0.039174	0.000000	0.016960	0.037850	0.000000	0.000000	0.000000	0.000000
0.000000	0.000000	0.000000	0.013478	0.012470	0.008265	0.006909	0.006615	0.008104	0.020520	0.015583	0.007005	0.006880	0.007387	0.000000	0.007847	0.009454	0.007180	0.006961	0.008176	0.008727	0.009197	0.006832	0.023169	0.000000	0.006493	0.014761	0.007447	0.006500	0.036718	0.007419	0.019152	0.020352	0.007799	0.020620	0.007797	0.028174	0.007648	0.009722	0.006798	0.009973	0.006669	0.009319	0.022019	0.009924	0.007423	0.007171	0.008042	0.007701	0.007844	0.008246	0.000000	0.024120	0.000000	0.011118	0.020434	0.011408	0.000000	0.007002	0.007544	0.016263	0.011717	0.009319	0.018361	0.006994	0.010604	0.014018	0.033671	0.009670	0.000000	0.000000	0.000000	0.006667	0.006687	0.006679	0.006713	0.006722	0.006654	0.006651	0.006618	0.006635	0.006667	0.006674	0.006760	0.006712	0.006718	0.006790	0.006480	0.006450	0.006493	0.006511	0.006496	0.006462	0.006702	0.006843	0.006842	0.013683	0.000000	0.000000	0.000000	0.000000	0.008782	0.000000	0.000000	0.000000	0.007840	0.000000	0.000000	0.000000	0.000000	0.000000	0.022377	0.000000	0.000000	0.000000	0.000000	0.000000
0.038331	0.000000	0.000000	0.008472	0.007459	0.003233	0.001869	0.001574	0.003071	0.015549	0.010587	0.001967	0.001840	0.002350	0.007847	0.000000	0.004467	0.002182	0.001961	0.003183	0.003736	0.004209	0.001832	0.018251	0.036972	0.001491	0.009801	0.002450	0.001498	0.031868	0.002422	0.014214	0.015420	0.002804	0.015689	0.002802	0.023281	0.002652	0.004736	0.001797	0.004989	0.001668	0.004331	0.017095	0.004940	0.002426	0.002172	0.003048	0.002706	0.002849	0.003253	0.000000	0.019207	0.036262	0.006140	0.015502	0.006431	0.000000	0.002003	0.002547	0.011311	0.006742	0.004331	0.013419	0.001995	0.005623	0.009054	0.028806	0.004685	0.000000	0.036771	0.000000	0.001666	0.001686	0.001678	0.001712	0.001721	0.001653	0.001650	0.001617	0.001634	0.001666	0.001673	0.001759	0.001712	0.001717	0.001789	0.001478	0.001448	0.001491	0.001510	0.001494	0.001460	0.001702	0.001843	0.001842	0.008718	0.000000	0.000000	0.000000	0.000000	0.003792	0.000000	0.000000	0.000000	0.002845	0.000000	0.000000	0.035908	0.039657	0.000000	0.017455	0.038334	0.000000	0.000000	0.000000	0.000000
0.039889	0.000000	0.000000	0.010078	0.009067	0.004848	0.003486	0.003192	0.004686	0.017144	0.012190	0.003583	0.003457	0.003966	0.009454	0.004467	0.000000	0.003791	0.003571	0.004790	0.005343	0.005815	0.003442	0.019835	0.038525	0.003102	0.011398	0.004059	0.003108	0.033430	0.004031	0.015804	0.017008	0.004412	0.017277	0.004410	0.024856	0.004261	0.006341	0.003407	0.006593	0.003278	0.005937	0.018681	0.006545	0.004035	0.003782	0.004656	0.004314	0.004457	0.004861	0.000000	0.020789	0.037816	0.007743	0.017090	0.008034	0.000000	0.003612	0.004156	0.012906	0.008344	0.005937	0.015010	0.003605	0.007227	0.010653	0.030373	0.006290	0.000000	0.038325	0.000000	0.003277	0.003296	0.003288	0.003322	0.003331	0.003263	0.003260	0.003227	0.003244	0.003277	0.003283	0.003369	0.003322	0.003327	0.003399	0.003088	0.003058	0.003101	0.003120	0.003104	0.003071	0.003312	0.003453	0.003452	0.010316	0.000000	0.000000	0.000000	0.000000	0.005399	0.000000	0.000000	0.000000	0.004454	0.000000	0.000000	0.037463	0.000000	0.000000	0.019039	0.039885	0.000000	0.000000	0.000000	0.000000
0.037684	0.000000	0.000000	0.007805	0.006792	0.002563	0.001198	0.000903	0.002401	0.014888	0.009922	0.001296	0.001169	0.001679	0.007180	0.002182	0.003791	0.000000	0.001292	0.002514	0.003068	0.003541	0.001162	0.017593	0.036326	0.000822	0.009136	0.001781	0.000828	0.031219	0.001753	0.013552	0.014759	0.002135	0.015029	0.002133	0.022626	0.001983	0.004068	0.001128	0.004321	0.000998	0.003663	0.016436	0.004272	0.001757	0.001503	0.002379	0.002037	0.002180	0.002584	0.000000	0.018549	0.035615	0.005473	0.014842	0.005765	0.000000	0.001333	0.001878	0.010648	0.006075	0.003663	0.012757	0.001326	0.004956	0.008389	0.028155	0.004017	0.000000	0.036125	0.000000	0.000997	0.001016	0.001008	0.001043	0.001052	0.000983	0.000980	0.000947	0.000964	0.000997	0.001003	0.001089	0.001042	0.001048	0.001120	0.000808	0.000778	0.000821	0.000840	0.000824	0.000790	0.001032	0.001174	0.001173	0.008053	0.000000	0.000000	0.000000	0.000000	0.003124	0.000000	0.000000	0.000000	0.002176	0.000000	0.000000	0.035261	0.039013	0.000000	0.016796	0.037688	0.000000	0.000000	0.000000	0.000000
0.037472	0.000000	0.000000	0.007586	0.006573	0.002342	0.000978	0.000682	0.002181	0.014670	0.009704	0.001075	0.000949	0.001459	0.006961	0.001961	0.003571	0.001292	0.000000	0.002294	0.002848	0.003321	0.000942	0.017376	0.036114	0.000601	0.008918	0.001561	0.000608	0.031005	0.001533	0.013335	0.014542	0.001915	0.014812	0.001913	0.022410	0.001763	0.003849	0.000908	0.004102	0.000778	0.003444	0.016219	0.004053	0.001537	0.001283	0.002159	0.001817	0.001960	0.002365	0.000000	0.018333	0.035403	0.005254	0.014624	0.005545	0.000000	0.001113	0.001658	0.010430	0.005856	0.003444	0.012539	0.001105	0.004737	0.008171	0.027941	0.003797	0.000000	0.035913	0.000000	0.000776	0.000796	0.000788	0.000822	0.000831	0.000763	0.000760	0.000727	0.000744	0.000776	0.000783	0.000869	0.000822	0.000827	0.000900	0.000588	0.000557	0.000601	0.000620	0.000604	0.000570	0.000812	0.000954	0.000952	0.007834	0.000000	0.000000	0.000000	0.000000	0.002904	0.000000	0.000000	0.000000	0.001956	0.000000	0.000000	0.035049	0.038801	0.000000	0.016579	0.037476	0.000000	0.000000	0.000000	0.000000
0.038650	0.000000	0.000000	0.008801	0.007788	0.003563	0.002200	0.001905	0.003402	0.015876	0.010916	0.002297	0.002171	0.002681	0.008176	0.003183	0.004790	0.002514	0.002294	0.000000	0.004065	0.004538	0.002162	0.018576	0.037290	0.001822	0.010128	0.002780	0.001828	0.032188	0.002752	0.014540	0.015745	0.003134	0.016014	0.003131	0.023604	0.002982	0.005065	0.002127	0.005317	0.001998	0.004660	0.017420	0.005269	0.002756	0.002502	0.003378	0.003035	0.003178	0.003583	0.000000	0.019532	0.036580	0.006468	0.015827	0.006760	0.000000	0.002332	0.002877	0.011638	0.007070	0.004660	0.013745	0.002325	0.005952	0.009382	0.029128	0.005014	0.000000	0.037090	0.000000	0.001996	0.002016	0.002008	0.002042	0.002051	0.001983	0.001980	0.001947	0.001964	0.001996	0.002003	0.002089	0.002042	0.002047	0.002119	0.001808	0.001778	0.001821	0.001840	0.001824	0.001790	0.002032	0.002173	0.002172	0.009045	0.000000	0.000000	0.000000	0.000000	0.004121	0.000000	0.000000	0.000000	0.003175	0.000000	0.000000	0.036227	0.039975	0.000000	0.017780	0.038651	0.000000	0.000000	0.000000	0.000000
0.039183	0.000000	0.000000	0.009351	0.008339	0.004117	0.002754	0.002459	0.003955	0.016422	0.011465	0.002851	0.002725	0.003235	0.008727	0.003736	0.005343	0.003068	0.002848	0.004065	0.000000	0.005088	0.002713	0.019118	0.037823	0.002373	0.010675	0.003331	0.002380	0.032723	0.003303	0.015084	0.016290	0.003685	0.016559	0.003682	0.024144	0.003533	0.005615	0.002679	0.005868	0.002550	0.005211	0.017964	0.005819	0.003307	0.003054	0.003929	0.003587	0.003730	0.004134	0.000000	0.020074	0.037113	0.007018	0.016372	0.007309	0.000000	0.002884	0.003429	0.012184	0.007619	0.005211	0.014290	0.002877	0.006502	0.009930	0.029664	0.005564	0.000000	0.037622	0.000000	0.002548	0.002568	0.002560	0.002594	0.002603	0.002535	0.002532	0.002499	0.002516	0.002548	0.002555	0.002641	0.002594	0.002599	0.002671	0.002360	0.002330	0.002373	0.002392	0.002376	0.002342	0.002583	0.002725	0.002724	0.009593	0.000000	0.000000	0.000000	0.000000	0.004672	0.000000	0.000000	0.000000	0.003726	0.000000	0.000000	0.036760	0.000000	0.000000	0.018323	0.039183	0.000000	0.000000	0.000000	0.000000
0.039639	0.000000	0.000000	0.009821	0.008810	0.004589	0.003228	0.002933	0.004428	0.016889	0.011934	0.003325	0.003198	0.003708	0.009197	0.004209	0.005815	0.003541	0.003321	0.004538	0.005088	0.000000	0.003184	0.019581	0.038277	0.002845	0.011143	0.003802	0.002851	0.033180	0.003774	0.015550	0.016754	0.004155	0.017023	0.004153	0.024605	0.004004	0.006085	0.003150	0.006337	0.003021	0.005680	0.018427	0.006288	0.003778	0.003525	0.004399	0.004057	0.004200	0.004604	0.000000	0.020536	0.037568	0.007487	0.016836	0.007778	0.000000	0.003355	0.003899	0.012651	0.008088	0.005680	0.014756	0.003347	0.006971	0.010397	0.030123	0.006033	0.000000	0.038077	0.000000	0.003019	0.003039	0.003031	0.003065	0.003074	0.003006	0.003003	0.002970	0.002986	0.003019	0.003026	0.003112	0.003064	0.003070	0.003142	0.002831	0.002801	0.002844	0.002863	0.002847	0.002813	0.003054	0.003196	0.003195	0.010061	0.000000	0.000000	0.000000	0.000000	0.005142	0.000000	0.000000	0.000000	0.004197	0.000000	0.000000	0.037214	0.000000	0.000000	0.018786	0.039637	0.000000	0.000000	0.000000	0.000000
0.037347	0.000000	0.000000	0.007457	0.006444	0.002213	0.000848	0.000553	0.002051	0.014542	0.009575	0.000945	0.000819	0.001329	0.006832	0.001832	0.003442	0.001162	0.000942	0.002162	0.002713	0.003184	0.000000	0.017249	0.035989	0.000472	0.008790	0.001431	0.000478	0.030879	0.001403	0.013207	0.014414	0.001786	0.014684	0.001783	0.022284	0.001634	0.003720	0.000778	0.003972	0.000648	0.003314	0.016092	0.003923	0.001407	0.001153	0.002030	0.001687	0.001831	0.002235	0.000000	0.018206	0.035278	0.005125	0.014497	0.005417	0.000000	0.000983	0.001529	0.010301	0.005727	0.003314	0.012411	0.000976	0.004608	0.008042	0.027815	0.003668	0.000000	0.035788	0.000000	0.000647	0.000667	0.000658	0.000693	0.000702	0.000633	0.000630	0.000597	0.000614	0.000647	0.000653	0.000740	0.000692	0.000698	0.000770	0.000458	0.000428	0.000471	0.000490	0.000474	0.000440	0.000682	0.000824	0.000823	0.007705	0.000000	0.000000	0.000000	0.000000	0.002775	0.000000	0.000000	0.000000	0.001827	0.000000	0.000000	0.034923	0.038676	0.000000	0.016451	0.037351	0.000000	0.000000	0.000000	0.000000
0.000000	0.000000	0.000000	0.023784	0.022787	0.018626	0.017284	0.016993	0.018467	0.030753	0.025867	0.017379	0.017255	0.017757	0.023169	0.018251	0.019835	0.017593	0.017376	0.018576	0.019118	0.019581	0.017249	0.000000	0.000000	0.016635	0.024818	0.017579	0.016641	0.000000	0.017551	0.029164	0.030352	0.017927	0.030617	0.017925	0.038094	0.017778	0.019830	0.016936	0.020079	0.016808	0.019431	0.032002	0.020030	0.017555	0.017305	0.018167	0.017830	0.017971	0.018370	0.000000	0.034082	0.000000	0.021212	0.030433	0.021499	0.000000	0.017138	0.017675	0.026305	0.021805	0.019431	0.028381	0.017130	0.020704	0.024083	0.000000	0.019779	0.000000	0.000000	0.000000	0.016807	0.016826	0.016818	0.016852	0.016861	0.016793	0.016790	0.016758	0.016775	0.016807	0.016813	0.016898	0.016851	0.016857	0.016928	0.016621	0.016591	0.016634	0.016652	0.016637	0.016604	0.016842	0.016981	0.016980	0.023751	0.000000	0.000000	0.000000	0.000000	0.018900	0.000000	0.000000	0.000000	0.017968	0.000000	0.000000	0.000000	0.000000	0.000000	0.032356	0.000000	0.000000	0.000000	0.000000	0.000000
0.000000	0.000000	0.000000	0.000000	0.000000	0.037340	0.036023	0.035738	0.037184	0.000000	0.000000	0.036117	0.035995	0.036487	0.000000	0.036972	0.038525	0.036326	0.036114	0.037290	0.037823	0.038277	0.035989	0.000000	0.000000	0.034437	0.000000	0.035364	0.034443	0.000000	0.035336	0.000000	0.000000	0.035706	0.000000	0.035703	0.000000	0.035559	0.037574	0.034733	0.037818	0.034607	0.037183	0.000000	0.037771	0.035340	0.035095	0.035942	0.035611	0.035749	0.036140	0.000000	0.000000	0.000000	0.038932	0.000000	0.039213	0.000000	0.034931	0.035458	0.000000	0.039514	0.037183	0.000000	0.034924	0.038432	0.000000	0.000000	0.037524	0.000000	0.000000	0.000000	0.034606	0.034625	0.034617	0.034650	0.034659	0.034593	0.034590	0.034558	0.034574	0.034606	0.034612	0.034695	0.034650	0.034655	0.034725	0.034424	0.034394	0.034436	0.034454	0.034439	0.034406	0.034640	0.034777	0.034776	0.000000	0.000000	0.000000	0.000000	0.000000	0.036661	0.000000	0.000000	0.000000	0.035746	0.000000	0.000000	0.000000	0.000000	0.000000	0.000000	0.000000	0.000000	0.000000	0.000000	0.000000
0.037019	0.000000	0.000000	0.007119	0.006105	0.001873	0.000508	0.000212	0.001711	0.014206	0.009238	0.000605	0.000478	0.000989	0.006493	0.001491	0.003102	0.000822	0.000601	0.001822	0.002373	0.002845	0.000472	0.016635	0.034437	0.000000	0.008452	0.001091	0.000138	0.030549	0.001063	0.012871	0.014079	0.001446	0.014348	0.001443	0.021951	0.001294	0.003380	0.000438	0.003633	0.000308	0.002975	0.015756	0.003584	0.001067	0.000813	0.001690	0.001347	0.001490	0.001895	0.000000	0.017871	0.034949	0.004786	0.014161	0.005078	0.000000	0.000643	0.001189	0.009964	0.005389	0.002975	0.012075	0.000635	0.004269	0.007704	0.027483	0.003329	0.000000	0.035459	0.000000	0.000306	0.000326	0.000318	0.000352	0.000361	0.000293	0.000290	0.000257	0.000274	0.000306	0.000313	0.000399	0.000352	0.000357	0.000430	0.000118	0.000087	0.000131	0.000149	0.000134	0.000100	0.000342	0.000484	0.000483	0.007367	0.000000	0.000000	0.000000	0.000000	0.002435	0.000000	0.000000	0.000000	0.001487	0.000000	0.000000	0.034595	0.038349	0.000000	0.016116	0.037023	0.000000	0.000000	0.000000	0.000000
0.000000	0.000000	0.000000	0.015382	0.014376	0.010179	0.008825	0.008532	0.010018	0.022410	0.017482	0.008922	0.008796	0.009302	0.014761	0.009801	0.011398	0.009136	0.008918	0.010128	0.010675	0.011143	0.008790	0.024818	0.000000	0.008452	0.000000	0.009334	0.008389	0.038549	0.009306	0.021017	0.022214	0.009686	0.022482	0.009683	0.030021	0.009535	0.011604	0.008686	0.011855	0.008557	0.011202	0.023878	0.011806	0.009310	0.009058	0.009928	0.009588	0.009730	0.010132	0.000000	0.025976	0.000000	0.012998	0.022296	0.013288	0.000000	0.008890	0.009431	0.018134	0.013596	0.011202	0.020227	0.008882	0.012485	0.015893	0.035509	0.011553	0.000000	0.000000	0.000000	0.008556	0.008575	0.008567	0.008601	0.008610	0.008542	0.008539	0.008507	0.008523	0.008556	0.008562	0.008648	0.008601	0.008606	0.008678	0.008369	0.008339	0.008382	0.008400	0.008385	0.008351	0.008591	0.008731	0.008730	0.015558	0.000000	0.000000	0.000000	0.000000	0.010667	0.000000	0.000000	0.000000	0.009727	0.000000	0.000000	0.000000	0.000000	0.000000	0.024235	0.000000	0.000000	0.000000	0.000000	0.000000
0.037943	0.000000	0.000000	0.008072	0.007059	0.002831	0.001467	0.001172	0.002669	0.015153	0.010189	0.001564	0.001438	0.001948	0.007447	0.002450	0.004059	0.001781	0.001561	0.002780	0.003331	0.003802	0.001431	0.017579	0.035364	0.001091	0.009334	0.000000	0.001097	0.031479	0.002021	0.013818	0.015024	0.002403	0.015293	0.002401	0.022889	0.002251	0.004336	0.001396	0.004589	0.001267	0.003931	0.016700	0.004540	0.002025	0.001771	0.002647	0.002305	0.002448	0.002853	0.000000	0.018813	0.035875	0.005740	0.015106	0.006032	0.000000	0.001602	0.002147	0.010914	0.006342	0.003931	0.013022	0.001594	0.005224	0.008656	0.028416	0.004285	0.000000	0.036384	0.000000	0.001265	0.001285	0.001277	0.001311	0.001320	0.001252	0.001249	0.001216	0.001232	0.001265	0.001272	0.001358	0.001311	0.001316	0.001388	0.001077	0.001046	0.001090	0.001108	0.001093	0.001059	0.001300	0.001442	0.001441	0.008319	0.000000	0.000000	0.000000	0.000000	0.003392	0.000000	0.000000	0.000000	0.002445	0.000000	0.000000	0.035521	0.039271	0.000000	0.017060	0.037947	0.000000	0.000000	0.000000	0.000000
0.037025	0.000000	0.000000	0.007126	0.006111	0.001879	0.000514	0.000219	0.001717	0.014213	0.009244	0.000611	0.000485	0.000995	0.006500	0.001498	0.003108	0.000828	0.000608	0.001828	0.002380	0.002851	0.000478	0.016641	0.034443	0.000138	0.008389	0.001097	0.000000	0.030556	0.001070	0.012877	0.014085	0.001452	0.014355	0.001450	0.021957	0.001300	0.003387	0.000444	0.003640	0.000314	0.002981	0.015763	0.003591	0.001074	0.000820	0.001696	0.001354	0.001497	0.001902	0.000000	0.017878	0.034955	0.004792	0.014167	0.005084	0.000000	0.000650	0.001195	0.009971	0.005395	0.002981	0.012081	0.000642	0.004275	0.007711	0.027490	0.003335	0.000000	0.035466	0.000000	0.000313	0.000333	0.000325	0.000359	0.000368	0.000299	0.000296	0.000263	0.000280	0.000313	0.000319	0.000406	0.000358	0.000364	0.000436	0.000124	0.000094	0.000137	0.000156	0.000140	0.000106	0.000348	0.000490	0.000489	0.007374	0.000000	0.000000	0.000000	0.000000	0.002441	0.000000	0.000000	0.000000	0.001494	0.000000	0.000000	0.034601	0.038355	0.000000	0.016123	0.037030	0.000000	0.000000	0.000000	0.000000
0.000000	0.000000	0.000000	0.037325	0.036341	0.032238	0.030914	0.030627	0.032081	0.000000	0.039379	0.031008	0.030886	0.031381	0.036718	0.031868	0.033430	0.031219	0.031005	0.032188	0.032723	0.033180	0.030879	0.000000	0.000000	0.030549	0.038549	0.031479	0.030556	0.000000	0.030552	0.000000	0.000000	0.030923	0.000000	0.030920	0.000000	0.030775	0.032800	0.029945	0.033046	0.029819	0.032407	0.000000	0.032998	0.030556	0.030309	0.031160	0.030827	0.030967	0.031359	0.000000	0.000000	0.000000	0.034165	0.000000	0.034448	0.000000	0.030144	0.030674	0.039190	0.034750	0.032407	0.000000	0.030137	0.033663	0.036997	0.000000	0.032751	0.000000	0.000000	0.000000	0.029817	0.029836	0.029829	0.029862	0.029871	0.029804	0.029801	0.029769	0.029786	0.029817	0.029824	0.029907	0.029861	0.029867	0.029937	0.029634	0.029605	0.029647	0.029665	0.029650	0.029617	0.029852	0.029989	0.029988	0.036670	0.000000	0.000000	0.000000	0.000000	0.031883	0.000000	0.000000	0.000000	0.030963	0.000000	0.000000	0.000000	0.000000	0.000000	0.000000	0.000000	0.000000	0.000000	0.000000	0.000000
0.037916	0.000000	0.000000	0.008044	0.007031	0.002803	0.001439	0.001144	0.002641	0.015125	0.010161	0.001536	0.001410	0.001920	0.007419	0.002422	0.004031	0.001753	0.001533	0.002752	0.003303	0.003774	0.001403	0.017551	0.035336	0.001063	0.009306	0.002021	0.001070	0.030552	0.000000	0.013790	0.014996	0.002375	0.015266	0.002373	0.022861	0.002223	0.004308	0.001368	0.004561	0.001238	0.003903	0.016673	0.004512	0.001997	0.001743	0.002619	0.002277	0.002420	0.002824	0.000000	0.018785	0.035847	0.005712	0.015079	0.006004	0.000000	0.001573	0.002118	0.010886	0.006314	0.003903	0.012994	0.001566	0.005195	0.008628	0.028389	0.004257	0.000000	0.036357	0.000000	0.001237	0.001257	0.001249	0.001283	0.001292	0.001223	0.001220	0.001188	0.001204	0.001237	0.001244	0.001330	0.001282	0.001288	0.001360	0.001048	0.001018	0.001061	0.001080	0.001065	0.001031	0.001272	0.001414	0.001413	0.008291	0.000000	0.000000	0.000000	0.000000	0.003363	0.000000	0.000000	0.000000	0.002416	0.000000	0.000000	0.035493	0.039244	0.000000	0.017032	0.037920	0.000000	0.000000	0.000000	0.000000
0.000000	0.000000	0.000000	0.019770	0.018768	0.014590	0.013242	0.012951	0.014430	0.026767	0.021861	0.013338	0.013213	0.013718	0.019152	0.014214	0.015804	0.013552	0.013335	0.014540	0.015084	0.015550	0.013207	0.029164	0.000000	0.012871	0.021017	0.013818	0.012877	0.000000	0.013790	0.000000	0.026481	0.014007	0.026747	0.014004	0.034254	0.013857	0.015917	0.013011	0.016167	0.012883	0.015517	0.028137	0.016118	0.013633	0.013382	0.014248	0.013910	0.014051	0.014451	0.000000	0.030226	0.000000	0.017305	0.026562	0.017593	0.000000	0.013214	0.013753	0.022418	0.017900	0.015517	0.024502	0.013207	0.016794	0.020187	0.039717	0.015866	0.000000	0.000000	0.000000	0.012882	0.012901	0.012893	0.012927	0.012936	0.012868	0.012865	0.012833	0.012849	0.012882	0.012888	0.012974	0.012927	0.012932	0.013003	0.012695	0.012666	0.012708	0.012727	0.012711	0.012678	0.012917	0.013057	0.013056	0.019854	0.000000	0.000000	0.000000	0.000000	0.014984	0.000000	0.000000	0.000000	0.014048	0.000000	0.000000	0.000000	0.000000	0.000000	0.028493	0.000000	0.000000	0.000000	0.000000	0.000000
0.000000	0.000000	0.000000	0.020969	0.019969	0.015796	0.014450	0.014158	0.015636	0.027957	0.023058	0.014546	0.014421	0.014924	0.020352	0.015420	0.017008	0.014759	0.014542	0.015745	0.016290	0.016754	0.014414	0.030352	0.000000	0.014079	0.022214	0.015024	0.014085	0.000000	0.014996	0.026481	0.000000	0.015181	0.027906	0.015179	0.035404	0.015031	0.017089	0.014187	0.017339	0.014059	0.016690	0.029295	0.017290	0.014808	0.014557	0.015422	0.015084	0.015226	0.015625	0.000000	0.031381	0.000000	0.018476	0.027722	0.018763	0.000000	0.014390	0.014928	0.023582	0.019070	0.016690	0.025664	0.014382	0.017965	0.021354	0.000000	0.017038	0.000000	0.000000	0.000000	0.014058	0.014077	0.014069	0.014103	0.014112	0.014044	0.014041	0.014009	0.014025	0.014058	0.014064	0.014149	0.014103	0.014108	0.014179	0.013872	0.013842	0.013884	0.013903	0.013887	0.013854	0.014093	0.014232	0.014231	0.021021	0.000000	0.000000	0.000000	0.000000	0.016157	0.000000	0.000000	0.000000	0.015222	0.000000	0.000000	0.000000	0.000000	0.000000	0.029650	0.000000	0.000000	0.000000	0.000000	0.000000
0.038285	0.000000	0.000000	0.008424	0.007411	0.003185	0.001821	0.001526	0.003023	0.015502	0.010540	0.001919	0.001792	0.002302	0.007799	0.002804	0.004412	0.002135	0.001915	0.003134	0.003685	0.004155	0.001786	0.017927	0.035706	0.001446	0.009686	0.002403	0.001452	0.030923	0.002375	0.014007	0.015181	0.000000	0.015642	0.002754	0.023234	0.002605	0.004688	0.001750	0.004941	0.001620	0.004284	0.017048	0.004892	0.002378	0.002125	0.003000	0.002658	0.002801	0.003205	0.000000	0.019160	0.036216	0.006092	0.015455	0.006384	0.000000	0.001955	0.002500	0.011264	0.006694	0.004284	0.013372	0.001947	0.005576	0.009007	0.028760	0.004637	0.000000	0.036725	0.000000	0.001619	0.001638	0.001630	0.001664	0.001674	0.001605	0.001602	0.001569	0.001586	0.001619	0.001625	0.001711	0.001664	0.001669	0.001742	0.001430	0.001400	0.001443	0.001462	0.001446	0.001412	0.001654	0.001796	0.001795	0.008670	0.000000	0.000000	0.000000	0.000000	0.003744	0.000000	0.000000	0.000000	0.002798	0.000000	0.000000	0.035862	0.039611	0.000000	0.017408	0.038287	0.000000	0.000000	0.000000	0.000000
0.000000	0.000000	0.000000	0.021237	0.020237	0.016065	0.014719	0.014428	0.015905	0.028223	0.023325	0.014815	0.014690	0.015194	0.020620	0.015689	0.017277	0.015029	0.014812	0.016014	0.016559	0.017023	0.014684	0.030617	0.000000	0.014348	0.022482	0.015293	0.014355	0.000000	0.015266	0.026747	0.027906	0.015642	0.000000	0.015440	0.035660	0.015293	0.017350	0.014449	0.017600	0.014321	0.016951	0.029553	0.017552	0.015070	0.014819	0.015684	0.015346	0.015487	0.015886	0.000000	0.031638	0.000000	0.018736	0.027980	0.019024	0.000000	0.014652	0.015190	0.023842	0.019331	0.016951	0.025923	0.014644	0.018226	0.021614	0.000000	0.017300	0.000000	0.000000	0.000000	0.014320	0.014339	0.014331	0.014365	0.014374	0.014306	0.014303	0.014271	0.014287	0.014320	0.014326	0.014411	0.014365	0.014370	0.014441	0.014134	0.014104	0.014147	0.014165	0.014150	0.014116	0.014355	0.014494	0.014493	0.021282	0.000000	0.000000	0.000000	0.000000	0.016418	0.000000	0.000000	0.000000	0.015484	0.000000	0.000000	0.000000	0.000000	0.000000	0.029908	0.000000	0.000000	0.000000	0.000000	0.000000
0.038282	0.000000	0.000000	0.008422	0.007409	0.003182	0.001819	0.001524	0.003021	0.015500	0.010537	0.001916	0.001790	0.002300	0.007797	0.002802	0.004410	0.002133	0.001913	0.003131	0.003682	0.004153	0.001783	0.017925	0.035703	0.001443	0.009683	0.002401	0.001450	0.030920	0.002373	0.014004	0.015179	0.002754	0.015440	0.000000	0.023232	0.002602	0.004686	0.001747	0.004938	0.001618	0.004281	0.017046	0.004890	0.002376	0.002122	0.002998	0.002655	0.002799	0.003203	0.000000	0.019158	0.036213	0.006090	0.015452	0.006381	0.000000	0.001952	0.002497	0.011261	0.006692	0.004281	0.013369	0.001945	0.005573	0.009004	0.028758	0.004634	0.000000	0.036723	0.000000	0.001616	0.001636	0.001628	0.001662	0.001671	0.001602	0.001599	0.001567	0.001583	0.001616	0.001623	0.001709	0.001661	0.001667	0.001739	0.001428	0.001397	0.001441	0.001459	0.001444	0.001410	0.001651	0.001793	0.001792	0.008668	0.000000	0.000000	0.000000	0.000000	0.003742	0.000000	0.000000	0.000000	0.002795	0.000000	0.000000	0.035859	0.039609	0.000000	0.017405	0.038285	0.000000	0.000000	0.000000	0.000000
0.000000	0.000000	0.000000	0.028786	0.027794	0.023654	0.022319	0.022029	0.023496	0.035719	0.030858	0.022414	0.022290	0.022789	0.028174	0.023281	0.024856	0.022626	0.022410	0.023604	0.024144	0.024605	0.022284	0.038094	0.000000	0.021951	0.030021	0.022889	0.021957	0.000000	0.022861	0.034254	0.035404	0.023234	0.035660	0.023232	0.000000	0.022619	0.024661	0.021782	0.024909	0.021655	0.024265	0.036773	0.024861	0.022398	0.022149	0.023007	0.022672	0.022812	0.023208	0.000000	0.038843	0.000000	0.026037	0.035212	0.026323	0.000000	0.021983	0.022517	0.031105	0.026627	0.024265	0.033170	0.021975	0.025531	0.028893	0.000000	0.024611	0.000000	0.000000	0.000000	0.021653	0.021672	0.021665	0.021698	0.021707	0.021640	0.021637	0.021605	0.021621	0.021653	0.021660	0.021744	0.021698	0.021703	0.021774	0.021468	0.021439	0.021481	0.021500	0.021484	0.021451	0.021688	0.021827	0.021826	0.028563	0.000000	0.000000	0.000000	0.000000	0.023736	0.000000	0.000000	0.000000	0.022809	0.000000	0.000000	0.000000	0.000000	0.000000	0.037125	0.000000	0.000000	0.000000	0.000000	0.000000
