0.000000	0.000000	0.000000	0.000000	0.000000	0.000000	0.000000	0.009942	0.009902	0.000000	0.000000	0.000000	0.000000	0.000000	0.000000	0.000000	0.000000	0.000000	0.000000	0.000000	0.000000	0.000000	0.000000	0.000000	0.000000	0.009931	0.000000	0.000000	0.009910	0.000000	0.000000	0.000000	0.000000	0.000000	0.000000	0.000000	0.000000	0.009965	0.000000	0.000000	0.000000	0.000000	0.000000	0.000000	0.000000	0.000000	0.000000	0.000000	0.000000	0.000000	0.000000	0.000000	0.000000	0.000000	0.000000	0.000000	0.000000	0.000000	0.000000	0.000000	0.000000	0.000000	0.000000	0.000000	0.000000	0.000000	0.000000	0.000000	0.000000	0.000000	0.000000	0.000000	0.009923	0.009927	0.009930	0.009926	0.009900	0.009890	0.009888	0.009892	0.009884	0.009885	0.009887	0.009889	0.009934	0.009902	0.009930	0.000000	0.000000	0.000000	0.000000	0.000000	0.000000	0.009918	0.009972	0.009930	0.000000	0.000000	0.000000	0.000000	0.000000	0.000000	0.000000	0.000000	0.000000	0.000000	0.000000	0.000000	0.000000	0.000000	0.000000	0.000000	0.000000	0.000000	0.000000	0.000000	0.000000
0.000000	0.000000	0.000000	0.000000	0.007301	0.007155	0.008918	0.006789	0.006748	0.000000	0.008574	0.007005	0.008012	0.006983	0.000000	0.007279	0.006848	0.006895	0.007134	0.007067	0.007004	0.009461	0.007082	0.000000	0.000000	0.006777	0.000000	0.007402	0.006757	0.000000	0.007382	0.009158	0.000000	0.007591	0.000000	0.007743	0.000000	0.006812	0.008553	0.007042	0.008982	0.006864	0.007831	0.009405	0.009247	0.007533	0.007209	0.007993	0.007761	0.007956	0.008909	0.000000	0.000000	0.000000	0.007158	0.008684	0.007775	0.000000	0.006956	0.007354	0.000000	0.008865	0.007831	0.000000	0.007039	0.009012	0.000000	0.000000	0.009053	0.000000	0.000000	0.009033	0.006770	0.006773	0.006777	0.006773	0.006747	0.006736	0.006734	0.006738	0.006730	0.006731	0.006733	0.006736	0.006781	0.006749	0.006777	0.006890	0.006893	0.006855	0.006889	0.006901	0.006891	0.006765	0.006818	0.006777	0.000000	0.000000	0.000000	0.000000	0.000000	0.007531	0.000000	0.000000	0.000000	0.007981	0.000000	0.000000	0.000000	0.000000	0.000000	0.000000	0.000000	0.000000	0.000000	0.000000	0.000000
0.000000	0.000000	0.000000	0.000000	0.000000	0.000000	0.000000	0.000000	0.000000	0.000000	0.000000	0.000000	0.000000	0.000000	0.000000	0.000000	0.000000	0.000000	0.000000	0.000000	0.000000	0.000000	0.000000	0.000000	0.000000	0.000000	0.000000	0.000000	0.000000	0.000000	0.000000	0.000000	0.000000	0.000000	0.000000	0.000000	0.000000	0.000000	0.000000	0.000000	0.000000	0.000000	0.000000	0.000000	0.000000	0.000000	0.000000	0.000000	0.000000	0.000000	0.000000	0.000000	0.000000	0.000000	0.000000	0.000000	0.000000	0.000000	0.000000	0.000000	0.000000	0.000000	0.000000	0.000000	0.000000	0.000000	0.000000	0.000000	0.000000	0.000000	0.000000	0.000000	0.000000	0.000000	0.000000	0.000000	0.000000	0.000000	0.000000	0.000000	0.000000	0.000000	0.000000	0.000000	0.000000	0.000000	0.000000	0.000000	0.000000	0.000000	0.000000	0.000000	0.000000	0.000000	0.000000	0.000000	0.000000	0.000000	0.000000	0.000000	0.000000	0.000000	0.000000	0.000000	0.000000	0.000000	0.000000	0.000000	0.000000	0.000000	0.000000	0.000000	0.000000	0.000000	0.000000	0.000000	0.000000
0.000000	0.000000	0.000000	0.000000	0.008552	0.008406	0.000000	0.008040	0.007999	0.000000	0.009823	0.008256	0.009261	0.008233	0.000000	0.008529	0.008099	0.008146	0.008384	0.008318	0.008254	0.000000	0.008332	0.000000	0.000000	0.008028	0.000000	0.008652	0.008008	0.000000	0.008632	0.000000	0.000000	0.008841	0.000000	0.008992	0.000000	0.008063	0.009802	0.008293	0.000000	0.008115	0.009081	0.000000	0.000000	0.008783	0.008459	0.009242	0.009011	0.009206	0.000000	0.000000	0.000000	0.000000	0.008409	0.009933	0.009024	0.000000	0.008207	0.008604	0.000000	0.000000	0.009081	0.000000	0.008290	0.000000	0.000000	0.000000	0.000000	0.000000	0.000000	0.000000	0.008021	0.008024	0.008028	0.008024	0.007998	0.007987	0.007985	0.007989	0.007982	0.007982	0.007984	0.007987	0.008032	0.008000	0.008028	0.008141	0.008144	0.008106	0.008140	0.008152	0.008142	0.008016	0.008069	0.008028	0.000000	0.000000	0.000000	0.000000	0.000000	0.008781	0.000000	0.000000	0.000000	0.009231	0.000000	0.000000	0.000000	0.000000	0.000000	0.000000	0.000000	0.000000	0.000000	0.000000	0.000000
0.000000	0.007301	0.000000	0.008552	0.000000	0.001019	0.002792	0.000651	0.000609	0.007314	0.002447	0.000868	0.001881	0.000845	0.005755	0.001143	0.000710	0.000757	0.000997	0.000931	0.000866	0.003339	0.000945	0.000000	0.000000	0.000639	0.007211	0.001267	0.000618	0.000000	0.001247	0.003034	0.004929	0.001458	0.000000	0.001610	0.000000	0.000673	0.002426	0.000905	0.002857	0.000726	0.001699	0.003283	0.003123	0.001399	0.001073	0.001862	0.001628	0.001825	0.002783	0.006391	0.004570	0.005792	0.001022	0.002557	0.001642	0.007316	0.000818	0.001218	0.006092	0.002739	0.001699	0.000000	0.000902	0.002887	0.004888	0.000000	0.002928	0.000000	0.000000	0.002908	0.000631	0.000635	0.000638	0.000634	0.000608	0.000597	0.000595	0.000599	0.000591	0.000592	0.000594	0.000597	0.000642	0.000610	0.000638	0.000752	0.000755	0.000717	0.000751	0.000763	0.000753	0.000626	0.000680	0.000638	0.000000	0.000000	0.000000	0.000000	0.000000	0.001397	0.000000	0.000000	0.000000	0.001850	0.000000	0.000000	0.000000	0.000000	0.000000	0.000000	0.000000	0.000000	0.000000	0.000000	0.000000
0.000000	0.007155	0.000000	0.008406	0.001019	0.000000	0.002646	0.000504	0.000462	0.007168	0.002300	0.000721	0.001734	0.000698	0.005609	0.000996	0.000563	0.000610	0.000851	0.000784	0.000719	0.003193	0.000798	0.000000	0.000000	0.000492	0.007066	0.001120	0.000471	0.000000	0.001101	0.002888	0.004783	0.001311	0.000000	0.001463	0.000000	0.000527	0.002279	0.000758	0.002711	0.000579	0.001552	0.003136	0.002977	0.001253	0.000926	0.001715	0.001482	0.001678	0.002637	0.006245	0.004424	0.005646	0.000875	0.002411	0.001495	0.007171	0.000672	0.001072	0.005946	0.002593	0.001552	0.000000	0.000756	0.002740	0.004742	0.000000	0.002781	0.000000	0.000000	0.002762	0.000484	0.000488	0.000491	0.000487	0.000461	0.000451	0.000449	0.000453	0.000445	0.000445	0.000447	0.000450	0.000495	0.000463	0.000491	0.000605	0.000608	0.000570	0.000604	0.000617	0.000606	0.000479	0.000533	0.000491	0.000000	0.000000	0.000000	0.000000	0.000000	0.001250	0.000000	0.000000	0.000000	0.001703	0.000000	0.000000	0.000000	0.000000	0.000000	0.000000	0.000000	0.000000	0.000000	0.000000	0.000000
0.000000	0.008918	0.000000	0.000000	0.002792	0.002646	0.000000	0.002273	0.002232	0.008925	0.004066	0.002490	0.003501	0.002468	0.007369	0.002765	0.002333	0.002379	0.002619	0.002553	0.002489	0.004957	0.002567	0.000000	0.000000	0.002261	0.008823	0.002889	0.002240	0.000000	0.002869	0.004653	0.006544	0.003079	0.000000	0.003231	0.000000	0.002296	0.004045	0.002527	0.004476	0.002348	0.003320	0.004901	0.004742	0.003021	0.002695	0.003482	0.003249	0.003446	0.004402	0.008004	0.006186	0.007407	0.002644	0.004177	0.003263	0.008928	0.002441	0.002840	0.007706	0.004358	0.003320	0.000000	0.002525	0.004506	0.006504	0.000000	0.004547	0.000000	0.000000	0.004527	0.002253	0.002257	0.002261	0.002257	0.002231	0.002220	0.002218	0.002222	0.002214	0.002215	0.002217	0.002219	0.002265	0.002233	0.002261	0.002375	0.002377	0.002339	0.002373	0.002386	0.002375	0.002249	0.002303	0.002261	0.000000	0.000000	0.000000	0.000000	0.000000	0.003018	0.000000	0.000000	0.000000	0.003471	0.000000	0.000000	0.000000	0.000000	0.000000	0.000000	0.000000	0.000000	0.000000	0.000000	0.000000
0.009942	0.006789	0.000000	0.008040	0.000651	0.000504	0.002273	0.000000	0.000094	0.006802	0.001932	0.000352	0.001366	0.000330	0.005242	0.000628	0.000195	0.000241	0.000482	0.000415	0.000351	0.002825	0.000430	0.000000	0.000000	0.000123	0.006699	0.000752	0.000102	0.000000	0.000732	0.002520	0.004416	0.000943	0.000000	0.001095	0.000000	0.000158	0.001911	0.000390	0.002343	0.000211	0.001184	0.002769	0.002609	0.000884	0.000558	0.001347	0.001113	0.001310	0.002269	0.005879	0.004057	0.005280	0.000507	0.002043	0.001127	0.006804	0.000303	0.000703	0.005579	0.002225	0.001184	0.000000	0.000387	0.002372	0.004375	0.000000	0.002414	0.000000	0.000000	0.002394	0.000115	0.000119	0.000123	0.000119	0.000093	0.000082	0.000080	0.000084	0.000076	0.000077	0.000079	0.000081	0.000127	0.000094	0.000123	0.000237	0.000239	0.000201	0.000236	0.000248	0.000238	0.000111	0.000165	0.000123	0.000000	0.000000	0.000000	0.000000	0.000000	0.000882	0.000000	0.000000	0.000000	0.001335	0.000000	0.000000	0.000000	0.000000	0.000000	0.000000	0.000000	0.000000	0.000000	0.000000	0.000000
0.009902	0.006748	0.000000	0.007999	0.000609	0.000462	0.002232	0.000094	0.000000	0.006761	0.001891	0.000311	0.001325	0.000289	0.005201	0.000587	0.000154	0.000200	0.000441	0.000374	0.000310	0.002784	0.000388	0.000000	0.000000	0.000082	0.006658	0.000711	0.000061	0.000000	0.000691	0.002479	0.004374	0.000902	0.000000	0.001054	0.000000	0.000117	0.001870	0.000348	0.002302	0.000169	0.001143	0.002728	0.002568	0.000843	0.000516	0.001306	0.001072	0.001269	0.002228	0.005838	0.004016	0.005239	0.000465	0.002002	0.001086	0.006763	0.000262	0.000662	0.005538	0.002184	0.001143	0.000000	0.000346	0.002331	0.004334	0.000000	0.002373	0.000000	0.000000	0.002353	0.000074	0.000078	0.000081	0.000077	0.000051	0.000041	0.000039	0.000043	0.000035	0.000035	0.000037	0.000040	0.000085	0.000053	0.000081	0.000196	0.000198	0.000160	0.000194	0.000207	0.000196	0.000070	0.000123	0.000081	0.000000	0.000000	0.000000	0.000000	0.000000	0.000840	0.000000	0.000000	0.000000	0.001294	0.000000	0.000000	0.000000	0.000000	0.000000	0.000000	0.000000	0.000000	0.000000	0.000000	0.000000
0.000000	0.000000	0.000000	0.000000	0.007314	0.007168	0.008925	0.006802	0.006761	0.000000	0.008542	0.006972	0.007979	0.006950	0.000000	0.007246	0.006816	0.006862	0.007102	0.007035	0.006971	0.009429	0.007049	0.000000	0.000000	0.006745	0.000000	0.007369	0.006724	0.000000	0.007350	0.009126	0.000000	0.007559	0.000000	0.007710	0.000000	0.006780	0.008521	0.007010	0.008950	0.006832	0.007799	0.009373	0.009215	0.007501	0.007176	0.007961	0.007729	0.007924	0.008876	0.000000	0.000000	0.000000	0.007126	0.008652	0.007742	0.000000	0.006924	0.007321	0.000000	0.008833	0.007799	0.000000	0.007007	0.008979	0.000000	0.000000	0.009020	0.000000	0.000000	0.009001	0.006737	0.006741	0.006744	0.006740	0.006714	0.006704	0.006702	0.006706	0.006698	0.006699	0.006701	0.006703	0.006748	0.006716	0.006744	0.006858	0.006860	0.006823	0.006856	0.006869	0.006858	0.006733	0.006786	0.006744	0.000000	0.000000	0.000000	0.000000	0.000000	0.007498	0.000000	0.000000	0.000000	0.007949	0.000000	0.000000	0.000000	0.000000	0.000000	0.000000	0.000000	0.000000	0.000000	0.000000	0.000000
0.000000	0.008574	0.000000	0.009823	0.002447	0.002300	0.004066	0.001932	0.001891	0.008542	0.000000	0.002146	0.003157	0.002123	0.007027	0.002421	0.001988	0.002035	0.002275	0.002208	0.002144	0.004614	0.002223	0.000000	0.000000	0.001917	0.008481	0.002544	0.001896	0.000000	0.002525	0.004309	0.006201	0.002735	0.000000	0.002887	0.000000	0.001952	0.003702	0.002183	0.004133	0.002004	0.002976	0.004558	0.004398	0.002677	0.002351	0.003138	0.002905	0.003102	0.004059	0.007662	0.005843	0.007064	0.002299	0.003833	0.002919	0.008586	0.002096	0.002496	0.007363	0.004015	0.002976	0.000000	0.002180	0.004162	0.006161	0.000000	0.004203	0.000000	0.000000	0.004184	0.001909	0.001913	0.001916	0.001912	0.001886	0.001876	0.001874	0.001878	0.001870	0.001870	0.001872	0.001875	0.001920	0.001888	0.001916	0.002030	0.002033	0.001995	0.002029	0.002041	0.002031	0.001905	0.001958	0.001916	0.000000	0.000000	0.000000	0.000000	0.000000	0.002674	0.000000	0.000000	0.000000	0.003127	0.000000	0.000000	0.000000	0.000000	0.000000	0.000000	0.000000	0.000000	0.000000	0.000000	0.000000
0.000000	0.007005	0.000000	0.008256	0.000868	0.000721	0.002490	0.000352	0.000311	0.006972	0.002146	0.000000	0.001583	0.000547	0.005458	0.000845	0.000412	0.000459	0.000699	0.000632	0.000568	0.003042	0.000647	0.000000	0.000000	0.000340	0.006915	0.000969	0.000319	0.000000	0.000949	0.002737	0.004632	0.001160	0.000000	0.001312	0.000000	0.000375	0.002128	0.000607	0.002560	0.000428	0.001401	0.002985	0.002826	0.001101	0.000775	0.001564	0.001330	0.001527	0.002485	0.006095	0.004273	0.005496	0.000724	0.002260	0.001344	0.007020	0.000520	0.000920	0.005795	0.002441	0.001401	0.000000	0.000604	0.002589	0.004591	0.000000	0.002630	0.000000	0.000000	0.002611	0.000333	0.000337	0.000340	0.000336	0.000310	0.000299	0.000297	0.000301	0.000293	0.000294	0.000296	0.000298	0.000344	0.000312	0.000340	0.000454	0.000457	0.000419	0.000453	0.000465	0.000455	0.000328	0.000382	0.000340	0.000000	0.000000	0.000000	0.000000	0.000000	0.001099	0.000000	0.000000	0.000000	0.001552	0.000000	0.000000	0.000000	0.000000	0.000000	0.000000	0.000000	0.000000	0.000000	0.000000	0.000000
0.000000	0.008012	0.000000	0.009261	0.001881	0.001734	0.003501	0.001366	0.001325	0.007979	0.003157	0.001583	0.000000	0.001559	0.006465	0.001856	0.001424	0.001470	0.001711	0.001644	0.001580	0.004051	0.001659	0.000000	0.000000	0.001353	0.007921	0.001980	0.001332	0.000000	0.001961	0.003746	0.005639	0.002171	0.000000	0.002323	0.000000	0.001387	0.003138	0.001619	0.003569	0.001440	0.002412	0.003995	0.003835	0.002113	0.001786	0.002575	0.002341	0.002538	0.003495	0.007101	0.005281	0.006502	0.001735	0.003270	0.002355	0.008025	0.001532	0.001932	0.006802	0.003451	0.002412	0.000000	0.001616	0.003599	0.005599	0.000000	0.003640	0.000000	0.000000	0.003621	0.001345	0.001349	0.001352	0.001348	0.001322	0.001311	0.001309	0.001313	0.001305	0.001306	0.001308	0.001311	0.001356	0.001324	0.001352	0.001466	0.001469	0.001431	0.001465	0.001477	0.001467	0.001340	0.001394	0.001352	0.000000	0.000000	0.000000	0.000000	0.000000	0.002110	0.000000	0.000000	0.000000	0.002563	0.000000	0.000000	0.000000	0.000000	0.000000	0.000000	0.000000	0.000000	0.000000	0.000000	0.000000
0.000000	0.006983	0.000000	0.008233	0.000845	0.000698	0.002468	0.000330	0.000289	0.006950	0.002123	0.000547	0.001559	0.000000	0.005436	0.000823	0.000390	0.000436	0.000677	0.000610	0.000546	0.003019	0.000624	0.000000	0.000000	0.000318	0.006893	0.000947	0.000297	0.000000	0.000927	0.002714	0.004610	0.001137	0.000000	0.001290	0.000000	0.000353	0.002106	0.000584	0.002537	0.000405	0.001379	0.002963	0.002804	0.001079	0.000752	0.001542	0.001308	0.001505	0.002463	0.006072	0.004251	0.005473	0.000701	0.002238	0.001322	0.006998	0.000498	0.000898	0.005773	0.002419	0.001379	0.000000	0.000582	0.002567	0.004569	0.000000	0.002608	0.000000	0.000000	0.002588	0.000310	0.000314	0.000317	0.000314	0.000287	0.000277	0.000275	0.000279	0.000271	0.000272	0.000274	0.000276	0.000321	0.000289	0.000317	0.000432	0.000434	0.000396	0.000430	0.000443	0.000432	0.000306	0.000359	0.000317	0.000000	0.000000	0.000000	0.000000	0.000000	0.001076	0.000000	0.000000	0.000000	0.001530	0.000000	0.000000	0.000000	0.000000	0.000000	0.000000	0.000000	0.000000	0.000000	0.000000	0.000000
0.000000	0.000000	0.000000	0.000000	0.005755	0.005609	0.007369	0.005242	0.005201	0.000000	0.007027	0.005458	0.006465	0.005436	0.000000	0.005706	0.005275	0.005321	0.005561	0.005494	0.005430	0.007892	0.005509	0.000000	0.000000	0.005204	0.000000	0.005829	0.005183	0.000000	0.005810	0.007588	0.009474	0.006019	0.000000	0.006171	0.000000	0.005238	0.006983	0.005469	0.007412	0.005291	0.006259	0.007836	0.007677	0.005961	0.005636	0.006421	0.006189	0.006385	0.007338	0.000000	0.009117	0.000000	0.005585	0.007114	0.006203	0.000000	0.005383	0.005781	0.000000	0.007295	0.006259	0.000000	0.005466	0.007442	0.009434	0.000000	0.007483	0.000000	0.000000	0.007463	0.005196	0.005200	0.005203	0.005199	0.005173	0.005163	0.005161	0.005165	0.005157	0.005158	0.005159	0.005162	0.005207	0.005175	0.005203	0.005317	0.005319	0.005282	0.005315	0.005328	0.005317	0.005191	0.005245	0.005203	0.000000	0.000000	0.000000	0.000000	0.000000	0.005958	0.000000	0.000000	0.000000	0.006410	0.000000	0.000000	0.000000	0.000000	0.000000	0.000000	0.000000	0.000000	0.000000	0.000000	0.000000
0.000000	0.007279	0.000000	0.008529	0.001143	0.000996	0.002765	0.000628	0.000587	0.007246	0.002421	0.000845	0.001856	0.000823	0.005706	0.000000	0.000687	0.000734	0.000974	0.000908	0.000843	0.003316	0.000922	0.000000	0.000000	0.000616	0.007189	0.001244	0.000595	0.000000	0.001224	0.003011	0.004906	0.001435	0.000000	0.001587	0.000000	0.000651	0.002403	0.000882	0.002834	0.000703	0.001676	0.003260	0.003101	0.001376	0.001050	0.001839	0.001605	0.001802	0.002760	0.006368	0.004547	0.005770	0.000999	0.002535	0.001619	0.007294	0.000795	0.001195	0.006069	0.002716	0.001676	0.000000	0.000879	0.002864	0.004865	0.000000	0.002905	0.000000	0.000000	0.002885	0.000608	0.000612	0.000615	0.000611	0.000585	0.000574	0.000572	0.000576	0.000569	0.000569	0.000571	0.000574	0.000619	0.000587	0.000615	0.000729	0.000732	0.000694	0.000728	0.000740	0.000730	0.000603	0.000657	0.000615	0.000000	0.000000	0.000000	0.000000	0.000000	0.001374	0.000000	0.000000	0.000000	0.001827	0.000000	0.000000	0.000000	0.000000	0.000000	0.000000	0.000000	0.000000	0.000000	0.000000	0.000000
0.000000	0.006848	0.000000	0.008099	0.000710	0.000563	0.002333	0.000195	0.000154	0.006816	0.001988	0.000412	0.001424	0.000390	0.005275	0.000687	0.000000	0.000301	0.000542	0.000475	0.000411	0.002885	0.000489	0.000000	0.000000	0.000183	0.006759	0.000812	0.000162	0.000000	0.000792	0.002580	0.004475	0.001002	0.000000	0.001155	0.000000	0.000218	0.001971	0.000449	0.002402	0.000270	0.001244	0.002828	0.002669	0.000944	0.000617	0.001407	0.001173	0.001370	0.002328	0.005938	0.004116	0.005339	0.000566	0.002103	0.001187	0.006864	0.000363	0.000763	0.005639	0.002284	0.001244	0.000000	0.000447	0.002432	0.004434	0.000000	0.002473	0.000000	0.000000	0.002454	0.000175	0.000179	0.000182	0.000178	0.000152	0.000142	0.000140	0.000144	0.000136	0.000136	0.000138	0.000141	0.000186	0.000154	0.000182	0.000297	0.000299	0.000261	0.000295	0.000308	0.000297	0.000171	0.000224	0.000182	0.000000	0.000000	0.000000	0.000000	0.000000	0.000941	0.000000	0.000000	0.000000	0.001395	0.000000	0.000000	0.000000	0.000000	0.000000	0.000000	0.000000	0.000000	0.000000	0.000000	0.000000
0.000000	0.006895	0.000000	0.008146	0.000757	0.000610	0.002379	0.000241	0.000200	0.006862	0.002035	0.000459	0.001470	0.000436	0.005321	0.000734	0.000301	0.000000	0.000588	0.000522	0.000457	0.002931	0.000536	0.000000	0.000000	0.000230	0.006805	0.000858	0.000209	0.000000	0.000838	0.002626	0.004521	0.001049	0.000000	0.001201	0.000000	0.000264	0.002017	0.000496	0.002449	0.000317	0.001290	0.002875	0.002715	0.000991	0.000664	0.001453	0.001220	0.001416	0.002375	0.005984	0.004163	0.005385	0.000613	0.002149	0.001233	0.006910	0.000409	0.000810	0.005685	0.002331	0.001290	0.000000	0.000493	0.002478	0.004481	0.000000	0.002520	0.000000	0.000000	0.002500	0.000222	0.000226	0.000229	0.000225	0.000199	0.000188	0.000186	0.000190	0.000182	0.000183	0.000185	0.000188	0.000233	0.000201	0.000229	0.000343	0.000346	0.000308	0.000342	0.000354	0.000344	0.000217	0.000271	0.000229	0.000000	0.000000	0.000000	0.000000	0.000000	0.000988	0.000000	0.000000	0.000000	0.001441	0.000000	0.000000	0.000000	0.000000	0.000000	0.000000	0.000000	0.000000	0.000000	0.000000	0.000000
0.000000	0.007134	0.000000	0.008384	0.000997	0.000851	0.002619	0.000482	0.000441	0.007102	0.002275	0.000699	0.001711	0.000677	0.005561	0.000974	0.000542	0.000588	0.000000	0.000762	0.000698	0.003171	0.000777	0.000000	0.000000	0.000470	0.007044	0.001099	0.000449	0.000000	0.001079	0.002866	0.004761	0.001289	0.000000	0.001442	0.000000	0.000505	0.002258	0.000737	0.002689	0.000557	0.001531	0.003115	0.002955	0.001231	0.000904	0.001693	0.001460	0.001657	0.002615	0.006224	0.004402	0.005625	0.000853	0.002389	0.001474	0.007149	0.000650	0.001050	0.005925	0.002571	0.001531	0.000000	0.000734	0.002719	0.004720	0.000000	0.002760	0.000000	0.000000	0.002740	0.000462	0.000466	0.000470	0.000466	0.000439	0.000429	0.000427	0.000431	0.000423	0.000424	0.000426	0.000428	0.000474	0.000441	0.000470	0.000584	0.000586	0.000548	0.000582	0.000595	0.000584	0.000458	0.000512	0.000470	0.000000	0.000000	0.000000	0.000000	0.000000	0.001228	0.000000	0.000000	0.000000	0.001682	0.000000	0.000000	0.000000	0.000000	0.000000	0.000000	0.000000	0.000000	0.000000	0.000000	0.000000
0.000000	0.007067	0.000000	0.008318	0.000931	0.000784	0.002553	0.000415	0.000374	0.007035	0.002208	0.000632	0.001644	0.000610	0.005494	0.000908	0.000475	0.000522	0.000762	0.000000	0.000631	0.003104	0.000710	0.000000	0.000000	0.000403	0.006978	0.001032	0.000382	0.000000	0.001012	0.002799	0.004694	0.001223	0.000000	0.001375	0.000000	0.000438	0.002191	0.000670	0.002622	0.000491	0.001464	0.003048	0.002889	0.001164	0.000838	0.001627	0.001393	0.001590	0.002548	0.006157	0.004336	0.005558	0.000786	0.002323	0.001407	0.007083	0.000583	0.000983	0.005858	0.002504	0.001464	0.000000	0.000667	0.002652	0.004654	0.000000	0.002693	0.000000	0.000000	0.002674	0.000396	0.000399	0.000403	0.000399	0.000373	0.000362	0.000360	0.000364	0.000356	0.000357	0.000359	0.000361	0.000407	0.000375	0.000403	0.000517	0.000519	0.000481	0.000516	0.000528	0.000518	0.000391	0.000445	0.000403	0.000000	0.000000	0.000000	0.000000	0.000000	0.001162	0.000000	0.000000	0.000000	0.001615	0.000000	0.000000	0.000000	0.000000	0.000000	0.000000	0.000000	0.000000	0.000000	0.000000	0.000000
0.000000	0.007004	0.000000	0.008254	0.000866	0.000719	0.002489	0.000351	0.000310	0.006971	0.002144	0.000568	0.001580	0.000546	0.005430	0.000843	0.000411	0.000457	0.000698	0.000631	0.000000	0.003040	0.000645	0.000000	0.000000	0.000339	0.006914	0.000968	0.000318	0.000000	0.000948	0.002735	0.004630	0.001158	0.000000	0.001311	0.000000	0.000374	0.002127	0.000605	0.002558	0.000426	0.001400	0.002984	0.002825	0.001100	0.000773	0.001562	0.001329	0.001526	0.002484	0.006093	0.004272	0.005494	0.000722	0.002258	0.001343	0.007019	0.000519	0.000919	0.005794	0.002440	0.001400	0.000000	0.000603	0.002588	0.004590	0.000000	0.002629	0.000000	0.000000	0.002609	0.000331	0.000335	0.000338	0.000335	0.000308	0.000298	0.000296	0.000300	0.000292	0.000293	0.000295	0.000297	0.000342	0.000310	0.000338	0.000453	0.000455	0.000417	0.000451	0.000464	0.000453	0.000327	0.000380	0.000338	0.000000	0.000000	0.000000	0.000000	0.000000	0.001097	0.000000	0.000000	0.000000	0.001551	0.000000	0.000000	0.000000	0.000000	0.000000	0.000000	0.000000	0.000000	0.000000	0.000000	0.000000
0.000000	0.009461	0.000000	0.000000	0.003339	0.003193	0.004957	0.002825	0.002784	0.009429	0.004614	0.003042	0.004051	0.003019	0.007892	0.003316	0.002885	0.002931	0.003171	0.003104	0.003040	0.000000	0.003111	0.000000	0.000000	0.002806	0.009364	0.003433	0.002785	0.000000	0.003413	0.005196	0.007087	0.003623	0.000000	0.003775	0.000000	0.002840	0.004589	0.003071	0.005019	0.002893	0.003864	0.005444	0.005285	0.003565	0.003239	0.004026	0.003793	0.003990	0.004946	0.008546	0.006729	0.007948	0.003188	0.004720	0.003807	0.009469	0.002985	0.003384	0.008247	0.004902	0.003864	0.000000	0.003069	0.005049	0.007046	0.000000	0.005090	0.000000	0.000000	0.005070	0.002798	0.002802	0.002805	0.002801	0.002775	0.002765	0.002763	0.002767	0.002759	0.002759	0.002761	0.002764	0.002809	0.002777	0.002805	0.002919	0.002922	0.002884	0.002918	0.002930	0.002920	0.002793	0.002847	0.002805	0.000000	0.000000	0.000000	0.000000	0.000000	0.003562	0.000000	0.000000	0.000000	0.004014	0.000000	0.000000	0.000000	0.000000	0.000000	0.000000	0.000000	0.000000	0.000000	0.000000	0.000000
0.000000	0.007082	0.000000	0.008332	0.000945	0.000798	0.002567	0.000430	0.000388	0.007049	0.002223	0.000647	0.001659	0.000624	0.005509	0.000922	0.000489	0.000536	0.000777	0.000710	0.000645	0.003111	0.000000	0.000000	0.000000	0.000418	0.006992	0.001046	0.000397	0.000000	0.001026	0.002814	0.004709	0.001237	0.000000	0.001389	0.000000	0.000453	0.002205	0.000684	0.002637	0.000505	0.001478	0.003062	0.002903	0.001179	0.000852	0.001641	0.001408	0.001604	0.002563	0.006171	0.004350	0.005573	0.000801	0.002337	0.001421	0.007097	0.000598	0.000998	0.005872	0.002519	0.001478	0.000000	0.000681	0.002666	0.004668	0.000000	0.002708	0.000000	0.000000	0.002688	0.000410	0.000414	0.000417	0.000413	0.000387	0.000376	0.000375	0.000378	0.000371	0.000371	0.000373	0.000376	0.000421	0.000389	0.000417	0.000531	0.000534	0.000496	0.000530	0.000542	0.000532	0.000405	0.000459	0.000417	0.000000	0.000000	0.000000	0.000000	0.000000	0.001176	0.000000	0.000000	0.000000	0.001629	0.000000	0.000000	0.000000	0.000000	0.000000	0.000000	0.000000	0.000000	0.000000	0.000000	0.000000
0.000000	0.000000	0.000000	0.000000	0.000000	0.000000	0.000000	0.000000	0.000000	0.000000	0.000000	0.000000	0.000000	0.000000	0.000000	0.000000	0.000000	0.000000	0.000000	0.000000	0.000000	0.000000	0.000000	0.000000	0.000000	0.000000	0.000000	0.000000	0.000000	0.000000	0.000000	0.000000	0.000000	0.000000	0.000000	0.000000	0.000000	0.000000	0.000000	0.000000	0.000000	0.000000	0.000000	0.000000	0.000000	0.000000	0.000000	0.000000	0.000000	0.000000	0.000000	0.000000	0.000000	0.000000	0.000000	0.000000	0.000000	0.000000	0.000000	0.000000	0.000000	0.000000	0.000000	0.000000	0.000000	0.000000	0.000000	0.000000	0.000000	0.000000	0.000000	0.000000	0.000000	0.000000	0.000000	0.000000	0.000000	0.000000	0.000000	0.000000	0.000000	0.000000	0.000000	0.000000	0.000000	0.000000	0.000000	0.000000	0.000000	0.000000	0.000000	0.000000	0.000000	0.000000	0.000000	0.000000	0.000000	0.000000	0.000000	0.000000	0.000000	0.000000	0.000000	0.000000	0.000000	0.000000	0.000000	0.000000	0.000000	0.000000	0.000000	0.000000	0.000000	0.000000	0.000000	0.000000	0.000000
0.000000	0.000000	0.000000	0.000000	0.000000	0.000000	0.000000	0.000000	0.000000	0.000000	0.000000	0.000000	0.000000	0.000000	0.000000	0.000000	0.000000	0.000000	0.000000	0.000000	0.000000	0.000000	0.000000	0.000000	0.000000	0.000000	0.000000	0.000000	0.000000	0.000000	0.000000	0.000000	0.000000	0.000000	0.000000	0.000000	0.000000	0.000000	0.000000	0.000000	0.000000	0.000000	0.000000	0.000000	0.000000	0.000000	0.000000	0.000000	0.000000	0.000000	0.000000	0.000000	0.000000	0.000000	0.000000	0.000000	0.000000	0.000000	0.000000	0.000000	0.000000	0.000000	0.000000	0.000000	0.000000	0.000000	0.000000	0.000000	0.000000	0.000000	0.000000	0.000000	0.000000	0.000000	0.000000	0.000000	0.000000	0.000000	0.000000	0.000000	0.000000	0.000000	0.000000	0.000000	0.000000	0.000000	0.000000	0.000000	0.000000	0.000000	0.000000	0.000000	0.000000	0.000000	0.000000	0.000000	0.000000	0.000000	0.000000	0.000000	0.000000	0.000000	0.000000	0.000000	0.000000	0.000000	0.000000	0.000000	0.000000	0.000000	0.000000	0.000000	0.000000	0.000000	0.000000	0.000000	0.000000
0.009931	0.006777	0.000000	0.008028	0.000639	0.000492	0.002261	0.000123	0.000082	0.006745	0.001917	0.000340	0.001353	0.000318	0.005204	0.000616	0.000183	0.000230	0.000470	0.000403	0.000339	0.002806	0.000418	0.000000	0.000000	0.000000	0.006688	0.000740	0.000091	0.000000	0.000720	0.002508	0.004404	0.000931	0.000000	0.001083	0.000000	0.000146	0.001899	0.000378	0.002331	0.000199	0.001172	0.002757	0.002598	0.000873	0.000546	0.001335	0.001102	0.001298	0.002257	0.005867	0.004045	0.005268	0.000495	0.002031	0.001115	0.006793	0.000291	0.000692	0.005568	0.002213	0.001172	0.000000	0.000375	0.002361	0.004363	0.000000	0.002402	0.000000	0.000000	0.002382	0.000104	0.000108	0.000111	0.000107	0.000081	0.000070	0.000068	0.000072	0.000064	0.000065	0.000067	0.000070	0.000115	0.000083	0.000111	0.000225	0.000228	0.000190	0.000224	0.000236	0.000226	0.000099	0.000153	0.000111	0.000000	0.000000	0.000000	0.000000	0.000000	0.000870	0.000000	0.000000	0.000000	0.001323	0.000000	0.000000	0.000000	0.000000	0.000000	0.000000	0.000000	0.000000	0.000000	0.000000	0.000000
0.000000	0.000000	0.000000	0.000000	0.007211	0.007066	0.008823	0.006699	0.006658	0.000000	0.008481	0.006915	0.007921	0.006893	0.000000	0.007189	0.006759	0.006805	0.007044	0.006978	0.006914	0.009364	0.006992	0.000000	0.000000	0.006688	0.000000	0.007268	0.006623	0.000000	0.007249	0.009025	0.000000	0.007458	0.000000	0.007609	0.000000	0.006679	0.008420	0.006909	0.008849	0.006731	0.007698	0.009272	0.009114	0.007400	0.007076	0.007860	0.007628	0.007823	0.008775	0.000000	0.000000	0.000000	0.007025	0.008551	0.007641	0.000000	0.006823	0.007220	0.000000	0.008732	0.007698	0.000000	0.006906	0.008878	0.000000	0.000000	0.008920	0.000000	0.000000	0.008900	0.006636	0.006640	0.006643	0.006639	0.006613	0.006603	0.006601	0.006605	0.006597	0.006598	0.006600	0.006602	0.006647	0.006615	0.006643	0.006757	0.006759	0.006722	0.006755	0.006768	0.006757	0.006632	0.006685	0.006643	0.000000	0.000000	0.000000	0.000000	0.000000	0.007398	0.000000	0.000000	0.000000	0.007848	0.000000	0.000000	0.000000	0.000000	0.000000	0.000000	0.000000	0.000000	0.000000	0.000000	0.000000
0.000000	0.007402	0.000000	0.008652	0.001267	0.001120	0.002889	0.000752	0.000711	0.007369	0.002544	0.000969	0.001980	0.000947	0.005829	0.001244	0.000812	0.000858	0.001099	0.001032	0.000968	0.003433	0.001046	0.000000	0.000000	0.000740	0.007268	0.000000	0.000719	0.000000	0.001348	0.003135	0.005029	0.001559	0.000000	0.001711	0.000000	0.000774	0.002526	0.001006	0.002958	0.000827	0.001800	0.003383	0.003224	0.001500	0.001174	0.001962	0.001729	0.001926	0.002884	0.006491	0.004671	0.005893	0.001123	0.002658	0.001743	0.007417	0.000919	0.001319	0.006192	0.002840	0.001800	0.000000	0.001003	0.002987	0.004989	0.000000	0.003029	0.000000	0.000000	0.003009	0.000732	0.000736	0.000739	0.000735	0.000709	0.000698	0.000696	0.000700	0.000692	0.000693	0.000695	0.000698	0.000743	0.000711	0.000739	0.000853	0.000856	0.000818	0.000852	0.000864	0.000854	0.000727	0.000781	0.000739	0.000000	0.000000	0.000000	0.000000	0.000000	0.001498	0.000000	0.000000	0.000000	0.001951	0.000000	0.000000	0.000000	0.000000	0.000000	0.000000	0.000000	0.000000	0.000000	0.000000	0.000000
0.009910	0.006757	0.000000	0.008008	0.000618	0.000471	0.002240	0.000102	0.000061	0.006724	0.001896	0.000319	0.001332	0.000297	0.005183	0.000595	0.000162	0.000209	0.000449	0.000382	0.000318	0.002785	0.000397	0.000000	0.000000	0.000091	0.006623	0.000719	0.000000	0.000000	0.000699	0.002487	0.004383	0.000910	0.000000	0.001062	0.000000	0.000125	0.001878	0.000357	0.002310	0.000178	0.001151	0.002736	0.002577	0.000852	0.000525	0.001314	0.001081	0.001277	0.002236	0.005846	0.004024	0.005247	0.000474	0.002010	0.001094	0.006772	0.000270	0.000671	0.005547	0.002192	0.001151	0.000000	0.000354	0.002340	0.004342	0.000000	0.002381	0.000000	0.000000	0.002361	0.000083	0.000087	0.000090	0.000086	0.000060	0.000049	0.000047	0.000051	0.000043	0.000044	0.000046	0.000049	0.000094	0.000062	0.000090	0.000204	0.000207	0.000169	0.000203	0.000215	0.000205	0.000078	0.000132	0.000090	0.000000	0.000000	0.000000	0.000000	0.000000	0.000849	0.000000	0.000000	0.000000	0.001302	0.000000	0.000000	0.000000	0.000000	0.000000	0.000000	0.000000	0.000000	0.000000	0.000000	0.000000
0.000000	0.000000	0.000000	0.000000	0.000000	0.000000	0.000000	0.000000	0.000000	0.000000	0.000000	0.000000	0.000000	0.000000	0.000000	0.000000	0.000000	0.000000	0.000000	0.000000	0.000000	0.000000	0.000000	0.000000	0.000000	0.000000	0.000000	0.000000	0.000000	0.000000	0.000000	0.000000	0.000000	0.000000	0.000000	0.000000	0.000000	0.000000	0.000000	0.000000	0.000000	0.000000	0.000000	0.000000	0.000000	0.000000	0.000000	0.000000	0.000000	0.000000	0.000000	0.000000	0.000000	0.000000	0.000000	0.000000	0.000000	0.000000	0.000000	0.000000	0.000000	0.000000	0.000000	0.000000	0.000000	0.000000	0.000000	0.000000	0.000000	0.000000	0.000000	0.000000	0.000000	0.000000	0.000000	0.000000	0.000000	0.000000	0.000000	0.000000	0.000000	0.000000	0.000000	0.000000	0.000000	0.000000	0.000000	0.000000	0.000000	0.000000	0.000000	0.000000	0.000000	0.000000	0.000000	0.000000	0.000000	0.000000	0.000000	0.000000	0.000000	0.000000	0.000000	0.000000	0.000000	0.000000	0.000000	0.000000	0.000000	0.000000	0.000000	0.000000	0.000000	0.000000	0.000000	0.000000	0.000000
0.000000	0.007382	0.000000	0.008632	0.001247	0.001101	0.002869	0.000732	0.000691	0.007350	0.002525	0.000949	0.001961	0.000927	0.005810	0.001224	0.000792	0.000838	0.001079	0.001012	0.000948	0.003413	0.001026	0.000000	0.000000	0.000720	0.007249	0.001348	0.000699	0.000000	0.000000	0.003115	0.005010	0.001539	0.000000	0.001691	0.000000	0.000755	0.002507	0.000986	0.002938	0.000807	0.001780	0.003364	0.003204	0.001481	0.001154	0.001943	0.001709	0.001906	0.002864	0.006472	0.004651	0.005873	0.001103	0.002639	0.001723	0.007397	0.000900	0.001300	0.006173	0.002820	0.001780	0.000000	0.000984	0.002968	0.004969	0.000000	0.003009	0.000000	0.000000	0.002989	0.000712	0.000716	0.000719	0.000715	0.000689	0.000679	0.000677	0.000681	0.000673	0.000673	0.000675	0.000678	0.000723	0.000691	0.000719	0.000833	0.000836	0.000798	0.000832	0.000845	0.000834	0.000708	0.000761	0.000719	0.000000	0.000000	0.000000	0.000000	0.000000	0.001478	0.000000	0.000000	0.000000	0.001931	0.000000	0.000000	0.000000	0.000000	0.000000	0.000000	0.000000	0.000000	0.000000	0.000000	0.000000
0.000000	0.009158	0.000000	0.000000	0.003034	0.002888	0.004653	0.002520	0.002479	0.009126	0.004309	0.002737	0.003746	0.002714	0.007588	0.003011	0.002580	0.002626	0.002866	0.002799	0.002735	0.005196	0.002814	0.000000	0.000000	0.002508	0.009025	0.003135	0.002487	0.000000	0.003115	0.000000	0.006784	0.003320	0.000000	0.003472	0.000000	0.002537	0.004286	0.002768	0.004717	0.002589	0.003561	0.005141	0.004982	0.003262	0.002936	0.003723	0.003490	0.003686	0.004643	0.008244	0.006426	0.007646	0.002885	0.004417	0.003504	0.009167	0.002682	0.003081	0.007945	0.004599	0.003561	0.000000	0.002765	0.004746	0.006744	0.000000	0.004787	0.000000	0.000000	0.004768	0.002494	0.002498	0.002502	0.002498	0.002472	0.002461	0.002459	0.002463	0.002455	0.002456	0.002458	0.002460	0.002506	0.002474	0.002502	0.002616	0.002618	0.002580	0.002614	0.002627	0.002616	0.002490	0.002544	0.002502	0.000000	0.000000	0.000000	0.000000	0.000000	0.003259	0.000000	0.000000	0.000000	0.003711	0.000000	0.000000	0.000000	0.000000	0.000000	0.000000	0.000000	0.000000	0.000000	0.000000	0.000000
0.000000	0.000000	0.000000	0.000000	0.004929	0.004783	0.006544	0.004416	0.004374	0.000000	0.006201	0.004632	0.005639	0.004610	0.009474	0.004906	0.004475	0.004521	0.004761	0.004694	0.004630	0.007087	0.004709	0.000000	0.000000	0.004404	0.000000	0.005029	0.004383	0.000000	0.005010	0.006784	0.000000	0.005201	0.000000	0.005353	0.000000	0.004420	0.006165	0.004650	0.006595	0.004472	0.005441	0.007019	0.006860	0.005143	0.004817	0.005603	0.005371	0.005567	0.006521	0.000000	0.008302	0.009519	0.004767	0.006297	0.005385	0.000000	0.004564	0.004963	0.009818	0.006478	0.005441	0.000000	0.004648	0.006625	0.008618	0.000000	0.006666	0.000000	0.000000	0.006646	0.004377	0.004381	0.004384	0.004380	0.004354	0.004344	0.004342	0.004346	0.004338	0.004339	0.004341	0.004343	0.004388	0.004356	0.004384	0.004498	0.004501	0.004463	0.004497	0.004509	0.004499	0.004373	0.004426	0.004384	0.000000	0.000000	0.000000	0.000000	0.000000	0.005140	0.000000	0.000000	0.000000	0.005592	0.000000	0.000000	0.000000	0.000000	0.000000	0.000000	0.000000	0.000000	0.000000	0.000000	0.000000
0.000000	0.007591	0.000000	0.008841	0.001458	0.001311	0.003079	0.000943	0.000902	0.007559	0.002735	0.001160	0.002171	0.001137	0.006019	0.001435	0.001002	0.001049	0.001289	0.001223	0.001158	0.003623	0.001237	0.000000	0.000000	0.000931	0.007458	0.001559	0.000910	0.000000	0.001539	0.003320	0.005201	0.000000	0.000000	0.001901	0.000000	0.000965	0.002717	0.001196	0.003148	0.001017	0.001990	0.003574	0.003414	0.001691	0.001364	0.002153	0.001920	0.002116	0.003074	0.006681	0.004860	0.006082	0.001313	0.002848	0.001933	0.007606	0.001110	0.001510	0.006382	0.003030	0.001990	0.000000	0.001194	0.003178	0.005178	0.000000	0.003219	0.000000	0.000000	0.003199	0.000922	0.000926	0.000930	0.000926	0.000899	0.000889	0.000887	0.000891	0.000883	0.000884	0.000886	0.000888	0.000934	0.000901	0.000930	0.001044	0.001046	0.001008	0.001042	0.001055	0.001044	0.000918	0.000972	0.000930	0.000000	0.000000	0.000000	0.000000	0.000000	0.001688	0.000000	0.000000	0.000000	0.002141	0.000000	0.000000	0.000000	0.000000	0.000000	0.000000	0.000000	0.000000	0.000000	0.000000	0.000000
0.000000	0.000000	0.000000	0.000000	0.000000	0.000000	0.000000	0.000000	0.000000	0.000000	0.000000	0.000000	0.000000	0.000000	0.000000	0.000000	0.000000	0.000000	0.000000	0.000000	0.000000	0.000000	0.000000	0.000000	0.000000	0.000000	0.000000	0.000000	0.000000	0.000000	0.000000	0.000000	0.000000	0.000000	0.000000	0.000000	0.000000	0.000000	0.000000	0.000000	0.000000	0.000000	0.000000	0.000000	0.000000	0.000000	0.000000	0.000000	0.000000	0.000000	0.000000	0.000000	0.000000	0.000000	0.000000	0.000000	0.000000	0.000000	0.000000	0.000000	0.000000	0.000000	0.000000	0.000000	0.000000	0.000000	0.000000	0.000000	0.000000	0.000000	0.000000	0.000000	0.000000	0.000000	0.000000	0.000000	0.000000	0.000000	0.000000	0.000000	0.000000	0.000000	0.000000	0.000000	0.000000	0.000000	0.000000	0.000000	0.000000	0.000000	0.000000	0.000000	0.000000	0.000000	0.000000	0.000000	0.000000	0.000000	0.000000	0.000000	0.000000	0.000000	0.000000	0.000000	0.000000	0.000000	0.000000	0.000000	0.000000	0.000000	0.000000	0.000000	0.000000	0.000000	0.000000	0.000000	0.000000
0.000000	0.007743	0.000000	0.008992	0.001610	0.001463	0.003231	0.001095	0.001054	0.007710	0.002887	0.001312	0.002323	0.001290	0.006171	0.001587	0.001155	0.001201	0.001442	0.001375	0.001311	0.003775	0.001389	0.000000	0.000000	0.001083	0.007609	0.001711	0.001062	0.000000	0.001691	0.003472	0.005353	0.001901	0.000000	0.000000	0.000000	0.001117	0.002868	0.001348	0.003300	0.001169	0.002142	0.003725	0.003566	0.001843	0.001516	0.002305	0.002071	0.002268	0.003226	0.006832	0.005012	0.006234	0.001465	0.003000	0.002085	0.007757	0.001262	0.001662	0.006533	0.003182	0.002142	0.000000	0.001346	0.003329	0.005330	0.000000	0.003370	0.000000	0.000000	0.003351	0.001074	0.001078	0.001082	0.001078	0.001051	0.001041	0.001039	0.001043	0.001035	0.001036	0.001038	0.001040	0.001085	0.001053	0.001082	0.001196	0.001198	0.001160	0.001194	0.001207	0.001196	0.001070	0.001123	0.001082	0.000000	0.000000	0.000000	0.000000	0.000000	0.001840	0.000000	0.000000	0.000000	0.002293	0.000000	0.000000	0.000000	0.000000	0.000000	0.000000	0.000000	0.000000	0.000000	0.000000	0.000000
0.000000	0.000000	0.000000	0.000000	0.000000	0.000000	0.000000	0.000000	0.000000	0.000000	0.000000	0.000000	0.000000	0.000000	0.000000	0.000000	0.000000	0.000000	0.000000	0.000000	0.000000	0.000000	0.000000	0.000000	0.000000	0.000000	0.000000	0.000000	0.000000	0.000000	0.000000	0.000000	0.000000	0.000000	0.000000	0.000000	0.000000	0.000000	0.000000	0.000000	0.000000	0.000000	0.000000	0.000000	0.000000	0.000000	0.000000	0.000000	0.000000	0.000000	0.000000	0.000000	0.000000	0.000000	0.000000	0.000000	0.000000	0.000000	0.000000	0.000000	0.000000	0.000000	0.000000	0.000000	0.000000	0.000000	0.000000	0.000000	0.000000	0.000000	0.000000	0.000000	0.000000	0.000000	0.000000	0.000000	0.000000	0.000000	0.000000	0.000000	0.000000	0.000000	0.000000	0.000000	0.000000	0.000000	0.000000	0.000000	0.000000	0.000000	0.000000	0.000000	0.000000	0.000000	0.000000	0.000000	0.000000	0.000000	0.000000	0.000000	0.000000	0.000000	0.000000	0.000000	0.000000	0.000000	0.000000	0.000000	0.000000	0.000000	0.000000	0.000000	0.000000	0.000000	0.000000	0.000000	0.000000
