0.000000	0.000000	0.000000	0.000000	0.000000	0.000000	0.000000	0.000000	0.000000	0.000000	0.000000	0.000000	0.000000	0.000000	0.000000	0.000000	0.000000	0.000000	0.000000	0.000000	0.000000	0.000000	0.000000	0.000000	0.000000	0.000000	0.000000	0.000000	0.000000	0.000000	0.000000	0.000000	0.000000	0.000000	0.000000	0.000000	0.000000	0.000000	0.000000	0.000000	0.000000	0.000000	0.000000	0.000000	0.000000	0.000000	0.000000	0.000000	0.000000	0.000000	0.000000	0.000000	0.000000	0.000000	0.000000	0.000000	0.000000	0.000000	0.000000	0.000000	0.000000	0.000000	0.000000	0.000000	0.000000	0.000000	0.000000	0.000000	0.000000	0.000000	0.000000	0.000000	0.000000	0.000000	0.000000	0.000000	0.000000	0.000000	0.000000	0.000000	0.000000	0.000000	0.000000	0.000000	0.000000	0.000000	0.000000	0.000000	0.000000	0.000000	0.000000	0.000000	0.000000	0.000000	0.000000	0.000000	0.000000	0.000000	0.000000	0.000000	0.000000	0.000000	0.000000	0.000000	0.000000	0.000000	0.000000	0.000000	0.000000	0.000000	0.000000	0.000000	0.000000	0.000000	0.000000	0.000000	0.000000
0.000000	0.000000	0.000000	0.000000	0.000000	0.000000	0.018612	0.018398	0.018487	0.019748	0.018671	0.018061	0.018299	0.019961	0.018100	0.019708	0.018954	0.018547	0.018750	0.018150	0.019926	0.000000	0.018274	0.000000	0.000000	0.018438	0.018974	0.018616	0.018547	0.019237	0.018999	0.000000	0.000000	0.018537	0.000000	0.018904	0.019013	0.000000	0.018532	0.018860	0.018711	0.018780	0.000000	0.000000	0.017882	0.017907	0.000000	0.018165	0.000000	0.018507	0.018502	0.000000	0.000000	0.000000	0.000000	0.000000	0.000000	0.000000	0.018016	0.018046	0.000000	0.000000	0.000000	0.018289	0.018582	0.018760	0.018349	0.000000	0.018592	0.000000	0.000000	0.018879	0.017882	0.017847	0.017862	0.017882	0.017872	0.017872	0.017872	0.017882	0.017882	0.017877	0.017897	0.017867	0.017867	0.017847	0.017882	0.018041	0.018105	0.018036	0.018051	0.018066	0.018021	0.017937	0.017882	0.017867	0.000000	0.000000	0.000000	0.000000	0.000000	0.018259	0.000000	0.000000	0.000000	0.000000	0.000000	0.000000	0.000000	0.000000	0.000000	0.000000	0.000000	0.000000	0.000000	0.000000	0.000000
0.000000	0.000000	0.000000	0.000000	0.000000	0.000000	0.000000	0.000000	0.000000	0.000000	0.000000	0.000000	0.000000	0.000000	0.000000	0.000000	0.000000	0.000000	0.000000	0.000000	0.000000	0.000000	0.000000	0.000000	0.000000	0.000000	0.000000	0.000000	0.000000	0.000000	0.000000	0.000000	0.000000	0.000000	0.000000	0.000000	0.000000	0.000000	0.000000	0.000000	0.000000	0.000000	0.000000	0.000000	0.000000	0.000000	0.000000	0.000000	0.000000	0.000000	0.000000	0.000000	0.000000	0.000000	0.000000	0.000000	0.000000	0.000000	0.000000	0.000000	0.000000	0.000000	0.000000	0.000000	0.000000	0.000000	0.000000	0.000000	0.000000	0.000000	0.000000	0.000000	0.000000	0.000000	0.000000	0.000000	0.000000	0.000000	0.000000	0.000000	0.000000	0.000000	0.000000	0.000000	0.000000	0.000000	0.000000	0.000000	0.000000	0.000000	0.000000	0.000000	0.000000	0.000000	0.000000	0.000000	0.000000	0.000000	0.000000	0.000000	0.000000	0.000000	0.000000	0.000000	0.000000	0.000000	0.000000	0.000000	0.000000	0.000000	0.000000	0.000000	0.000000	0.000000	0.000000	0.000000	0.000000
0.000000	0.000000	0.000000	0.000000	0.011769	0.000000	0.005636	0.005419	0.005510	0.006787	0.005696	0.005078	0.005319	0.007003	0.005118	0.006747	0.005983	0.005570	0.005776	0.005168	0.006968	0.012996	0.005294	0.008205	0.019054	0.005460	0.006003	0.005641	0.005570	0.006269	0.006028	0.014916	0.008084	0.005560	0.010844	0.005932	0.006043	0.007109	0.005555	0.005887	0.005736	0.005807	0.008220	0.008567	0.004897	0.004922	0.000000	0.005183	0.010814	0.005530	0.005525	0.000000	0.000000	0.000000	0.019064	0.000000	0.000000	0.000000	0.005032	0.005063	0.008386	0.008230	0.008220	0.005309	0.005605	0.005786	0.005369	0.007616	0.005616	0.007189	0.009713	0.005907	0.004897	0.004861	0.004877	0.004897	0.004887	0.004887	0.004887	0.004897	0.004897	0.004892	0.004912	0.004882	0.004882	0.004861	0.004897	0.005058	0.005123	0.005052	0.005068	0.005083	0.005037	0.004952	0.004897	0.004882	0.000000	0.000000	0.000000	0.000000	0.000000	0.005279	0.000000	0.000000	0.000000	0.000000	0.000000	0.000000	0.000000	0.000000	0.000000	0.000000	0.000000	0.000000	0.000000	0.000000	0.000000
0.000000	0.000000	0.000000	0.011769	0.000000	0.000000	0.007696	0.007480	0.007571	0.008845	0.007756	0.007139	0.007380	0.009061	0.007179	0.008805	0.008042	0.007631	0.007836	0.007229	0.009025	0.015041	0.007355	0.010260	0.000000	0.007520	0.008062	0.007701	0.007631	0.008328	0.008087	0.016957	0.010139	0.007621	0.012894	0.007992	0.008102	0.009166	0.007616	0.007947	0.007796	0.007867	0.010275	0.010621	0.006958	0.006984	0.000000	0.007244	0.012863	0.007591	0.007586	0.000000	0.000000	0.000000	0.000000	0.000000	0.000000	0.000000	0.007094	0.007124	0.010440	0.010285	0.010275	0.007370	0.007666	0.007846	0.007430	0.009673	0.007676	0.009246	0.011765	0.007967	0.006958	0.006923	0.006938	0.006958	0.006948	0.006948	0.006948	0.006958	0.006958	0.006953	0.006974	0.006943	0.006943	0.006923	0.006958	0.007119	0.007184	0.007114	0.007129	0.007144	0.007099	0.007014	0.006958	0.006943	0.000000	0.000000	0.000000	0.000000	0.000000	0.007340	0.000000	0.000000	0.000000	0.000000	0.000000	0.000000	0.000000	0.000000	0.000000	0.000000	0.000000	0.000000	0.000000	0.000000	0.000000
0.000000	0.000000	0.000000	0.000000	0.000000	0.000000	0.016215	0.016001	0.016090	0.017354	0.016274	0.015663	0.015901	0.017568	0.015702	0.017314	0.016558	0.016150	0.016354	0.015752	0.017533	0.000000	0.015877	0.018756	0.000000	0.016041	0.016578	0.016220	0.016150	0.016841	0.016603	0.000000	0.018637	0.016140	0.000000	0.016508	0.016618	0.017672	0.016135	0.016463	0.016314	0.016384	0.018771	0.019115	0.015484	0.015509	0.000000	0.015767	0.000000	0.016110	0.016105	0.000000	0.000000	0.000000	0.000000	0.000000	0.000000	0.000000	0.015618	0.015648	0.018935	0.018781	0.018771	0.015891	0.016185	0.016364	0.015951	0.018174	0.016195	0.017752	0.000000	0.016483	0.015484	0.015449	0.015464	0.015484	0.015474	0.015474	0.015474	0.015484	0.015484	0.015479	0.015499	0.015469	0.015469	0.015449	0.015484	0.015643	0.015707	0.015638	0.015653	0.015668	0.015623	0.015538	0.015484	0.015469	0.000000	0.000000	0.000000	0.000000	0.000000	0.015862	0.000000	0.000000	0.000000	0.000000	0.000000	0.000000	0.000000	0.000000	0.000000	0.000000	0.000000	0.000000	0.000000	0.000000	0.000000
0.000000	0.018612	0.000000	0.005636	0.007696	0.016215	0.000000	0.001368	0.001459	0.002741	0.001646	0.001025	0.001267	0.002958	0.001065	0.002701	0.001933	0.001519	0.001726	0.001116	0.002923	0.008975	0.001242	0.004164	0.015058	0.001408	0.001954	0.001590	0.001519	0.002221	0.001979	0.010903	0.004043	0.001509	0.006815	0.001883	0.001994	0.003064	0.001504	0.001837	0.001686	0.001757	0.004180	0.004528	0.000843	0.000868	0.000000	0.001131	0.006784	0.001479	0.001474	0.000000	0.000000	0.000000	0.015068	0.000000	0.000000	0.000000	0.000979	0.001010	0.004346	0.004190	0.004180	0.001257	0.001555	0.001736	0.001317	0.003574	0.001565	0.003145	0.005679	0.001858	0.000843	0.000808	0.000823	0.000843	0.000833	0.000833	0.000833	0.000843	0.000843	0.000838	0.000858	0.000828	0.000828	0.000808	0.000843	0.001005	0.001070	0.000999	0.001015	0.001030	0.000984	0.000899	0.000843	0.000828	0.000000	0.000000	0.000000	0.000000	0.000000	0.001227	0.000000	0.000000	0.000000	0.000000	0.000000	0.000000	0.000000	0.000000	0.000000	0.000000	0.016380	0.000000	0.000000	0.000000	0.000000
0.000000	0.018398	0.000000	0.005419	0.007480	0.016001	0.001368	0.000000	0.001242	0.002524	0.001429	0.000808	0.001050	0.002742	0.000848	0.002484	0.001717	0.001303	0.001510	0.000899	0.002706	0.008760	0.001025	0.003948	0.014844	0.001192	0.001737	0.001373	0.001303	0.002004	0.001762	0.010689	0.003827	0.001293	0.006599	0.001666	0.001777	0.002848	0.001287	0.001621	0.001469	0.001540	0.003963	0.004312	0.000626	0.000651	0.000000	0.000914	0.006569	0.001262	0.001257	0.000000	0.000000	0.000000	0.014854	0.000000	0.000000	0.000000	0.000762	0.000793	0.004130	0.003974	0.003963	0.001040	0.001338	0.001520	0.001101	0.003358	0.001348	0.002928	0.005463	0.001641	0.000626	0.000591	0.000606	0.000626	0.000616	0.000616	0.000616	0.000626	0.000626	0.000621	0.000641	0.000611	0.000611	0.000591	0.000626	0.000788	0.000853	0.000783	0.000798	0.000813	0.000767	0.000682	0.000626	0.000611	0.000000	0.000000	0.000000	0.000000	0.000000	0.001010	0.000000	0.000000	0.000000	0.000000	0.000000	0.000000	0.000000	0.000000	0.000000	0.000000	0.016167	0.000000	0.000000	0.000000	0.000000
0.000000	0.018487	0.000000	0.005510	0.007571	0.016090	0.001459	0.001242	0.000000	0.002615	0.001520	0.000899	0.001141	0.002832	0.000939	0.002575	0.001807	0.001393	0.001600	0.000989	0.002797	0.008850	0.001116	0.004039	0.014933	0.001282	0.001828	0.001464	0.001393	0.002095	0.001853	0.010778	0.003918	0.001383	0.006689	0.001757	0.001868	0.002938	0.001378	0.001711	0.001560	0.001631	0.004054	0.004402	0.000717	0.000742	0.000000	0.001005	0.006659	0.001353	0.001348	0.000000	0.000000	0.000000	0.014943	0.000000	0.000000	0.000000	0.000853	0.000883	0.004221	0.004064	0.004054	0.001131	0.001429	0.001610	0.001191	0.003448	0.001439	0.003019	0.005553	0.001732	0.000717	0.000682	0.000697	0.000717	0.000707	0.000707	0.000707	0.000717	0.000717	0.000712	0.000732	0.000702	0.000702	0.000682	0.000717	0.000878	0.000944	0.000873	0.000889	0.000904	0.000858	0.000772	0.000717	0.000702	0.000000	0.000000	0.000000	0.000000	0.000000	0.001101	0.000000	0.000000	0.000000	0.000000	0.000000	0.000000	0.000000	0.000000	0.000000	0.000000	0.016256	0.000000	0.000000	0.000000	0.000000
0.000000	0.019748	0.000000	0.006787	0.008845	0.017354	0.002741	0.002524	0.002615	0.000000	0.002798	0.002178	0.002420	0.004109	0.002218	0.003852	0.003086	0.002672	0.002879	0.002269	0.004074	0.010119	0.002395	0.005314	0.016195	0.002561	0.003106	0.002743	0.002672	0.003373	0.003131	0.012045	0.005193	0.002662	0.007961	0.003035	0.003146	0.004215	0.002657	0.002990	0.002839	0.002909	0.005329	0.005677	0.001997	0.002022	0.000000	0.002284	0.007931	0.002632	0.002627	0.000000	0.000000	0.000000	0.016205	0.000000	0.000000	0.000000	0.002133	0.002163	0.005496	0.005339	0.005329	0.002410	0.002708	0.002889	0.002471	0.004724	0.002718	0.004296	0.006827	0.003010	0.001997	0.001961	0.001976	0.001997	0.001987	0.001987	0.001987	0.001997	0.001997	0.001992	0.002012	0.001982	0.001982	0.001961	0.001997	0.002158	0.002224	0.002153	0.002168	0.002183	0.002138	0.002052	0.001997	0.001982	0.000000	0.000000	0.000000	0.000000	0.000000	0.002380	0.000000	0.000000	0.000000	0.000000	0.000000	0.000000	0.000000	0.000000	0.000000	0.000000	0.017516	0.000000	0.000000	0.000000	0.000000
0.000000	0.018671	0.000000	0.005696	0.007756	0.016274	0.001646	0.001429	0.001520	0.002798	0.000000	0.001085	0.001327	0.003018	0.001126	0.002761	0.001994	0.001580	0.001787	0.001176	0.002983	0.009035	0.001302	0.004225	0.015117	0.001469	0.002014	0.001651	0.001580	0.002281	0.002039	0.010963	0.004104	0.001570	0.006875	0.001943	0.002054	0.003124	0.001565	0.001898	0.001746	0.001817	0.004240	0.004588	0.000904	0.000929	0.000000	0.001191	0.006844	0.001539	0.001534	0.000000	0.000000	0.000000	0.015127	0.000000	0.000000	0.000000	0.001040	0.001070	0.004406	0.004250	0.004240	0.001317	0.001615	0.001797	0.001378	0.003634	0.001625	0.003205	0.005739	0.001918	0.000904	0.000868	0.000883	0.000904	0.000893	0.000893	0.000893	0.000904	0.000904	0.000898	0.000919	0.000888	0.000888	0.000868	0.000904	0.001065	0.001131	0.001060	0.001075	0.001090	0.001045	0.000959	0.000904	0.000888	0.000000	0.000000	0.000000	0.000000	0.000000	0.001287	0.000000	0.000000	0.000000	0.000000	0.000000	0.000000	0.000000	0.000000	0.000000	0.000000	0.016440	0.000000	0.000000	0.000000	0.000000
0.000000	0.018061	0.000000	0.005078	0.007139	0.015663	0.001025	0.000808	0.000899	0.002178	0.001085	0.000000	0.000707	0.002399	0.000505	0.002141	0.001374	0.000960	0.001167	0.000556	0.002364	0.008419	0.000682	0.003606	0.014505	0.000849	0.001394	0.001030	0.000960	0.001662	0.001419	0.010349	0.003485	0.000950	0.006258	0.001323	0.001434	0.002505	0.000944	0.001278	0.001126	0.001197	0.003621	0.003970	0.000283	0.000308	0.000000	0.000571	0.006227	0.000919	0.000914	0.000000	0.000000	0.000000	0.014516	0.000000	0.000000	0.000000	0.000419	0.000450	0.003788	0.003631	0.003621	0.000697	0.000995	0.001177	0.000758	0.003015	0.001005	0.002586	0.005121	0.001298	0.000283	0.000247	0.000263	0.000283	0.000273	0.000273	0.000273	0.000283	0.000283	0.000278	0.000298	0.000268	0.000268	0.000247	0.000283	0.000444	0.000510	0.000439	0.000455	0.000470	0.000424	0.000338	0.000283	0.000268	0.000000	0.000000	0.000000	0.000000	0.000000	0.000667	0.000000	0.000000	0.000000	0.000000	0.000000	0.000000	0.000000	0.000000	0.000000	0.000000	0.015829	0.000000	0.000000	0.000000	0.000000
0.000000	0.018299	0.000000	0.005319	0.007380	0.015901	0.001267	0.001050	0.001141	0.002420	0.001327	0.000707	0.000000	0.002641	0.000747	0.002383	0.001616	0.001202	0.001409	0.000798	0.002606	0.008660	0.000924	0.003848	0.014744	0.001091	0.001636	0.001272	0.001202	0.001904	0.001661	0.010589	0.003726	0.001192	0.006499	0.001565	0.001676	0.002747	0.001187	0.001520	0.001368	0.001439	0.003863	0.004211	0.000525	0.000550	0.000000	0.000813	0.006468	0.001161	0.001156	0.000000	0.000000	0.000000	0.014754	0.000000	0.000000	0.000000	0.000661	0.000692	0.004029	0.003873	0.003863	0.000939	0.001237	0.001419	0.001000	0.003257	0.001247	0.002828	0.005362	0.001540	0.000525	0.000490	0.000505	0.000525	0.000515	0.000515	0.000515	0.000525	0.000525	0.000520	0.000540	0.000510	0.000510	0.000490	0.000525	0.000687	0.000752	0.000682	0.000697	0.000712	0.000667	0.000581	0.000525	0.000510	0.000000	0.000000	0.000000	0.000000	0.000000	0.000909	0.000000	0.000000	0.000000	0.000000	0.000000	0.000000	0.000000	0.000000	0.000000	0.000000	0.016067	0.000000	0.000000	0.000000	0.000000
0.000000	0.019961	0.000000	0.007003	0.009061	0.017568	0.002958	0.002742	0.002832	0.004109	0.003018	0.002399	0.002641	0.000000	0.002435	0.004068	0.003302	0.002888	0.003095	0.002485	0.004290	0.010334	0.002611	0.005530	0.016408	0.002778	0.003322	0.002959	0.002888	0.003589	0.003347	0.012259	0.005409	0.002878	0.008176	0.003251	0.003362	0.004431	0.002873	0.003206	0.003055	0.003125	0.005545	0.005893	0.002213	0.002238	0.000000	0.002500	0.008146	0.002848	0.002843	0.000000	0.000000	0.000000	0.016418	0.000000	0.000000	0.000000	0.002349	0.002379	0.005711	0.005555	0.005545	0.002626	0.002924	0.003105	0.002687	0.004940	0.002934	0.004512	0.007042	0.003226	0.002213	0.002178	0.002193	0.002213	0.002203	0.002203	0.002203	0.002213	0.002213	0.002208	0.002228	0.002198	0.002198	0.002178	0.002213	0.002374	0.002440	0.002369	0.002384	0.002399	0.002354	0.002268	0.002213	0.002198	0.000000	0.000000	0.000000	0.000000	0.000000	0.002596	0.000000	0.000000	0.000000	0.000000	0.000000	0.000000	0.000000	0.000000	0.000000	0.000000	0.017729	0.000000	0.000000	0.000000	0.000000
0.000000	0.018100	0.000000	0.005118	0.007179	0.015702	0.001065	0.000848	0.000939	0.002218	0.001126	0.000505	0.000747	0.002435	0.000000	0.002182	0.001414	0.001000	0.001207	0.000596	0.002404	0.008460	0.000722	0.003646	0.014545	0.000889	0.001434	0.001071	0.001000	0.001702	0.001460	0.010389	0.003525	0.000990	0.006298	0.001364	0.001475	0.002545	0.000985	0.001318	0.001167	0.001237	0.003662	0.004010	0.000323	0.000348	0.000000	0.000611	0.006268	0.000960	0.000955	0.000000	0.000000	0.000000	0.014555	0.000000	0.000000	0.000000	0.000460	0.000490	0.003828	0.003672	0.003662	0.000737	0.001035	0.001217	0.000798	0.003056	0.001045	0.002626	0.005162	0.001338	0.000323	0.000288	0.000303	0.000323	0.000313	0.000313	0.000313	0.000323	0.000323	0.000318	0.000338	0.000308	0.000308	0.000288	0.000323	0.000485	0.000550	0.000480	0.000495	0.000510	0.000465	0.000379	0.000323	0.000308	0.000000	0.000000	0.000000	0.000000	0.000000	0.000707	0.000000	0.000000	0.000000	0.000000	0.000000	0.000000	0.000000	0.000000	0.000000	0.000000	0.015869	0.000000	0.000000	0.000000	0.000000
0.000000	0.019708	0.000000	0.006747	0.008805	0.017314	0.002701	0.002484	0.002575	0.003852	0.002761	0.002141	0.002383	0.004068	0.002182	0.000000	0.003045	0.002632	0.002839	0.002229	0.004034	0.010079	0.002355	0.005274	0.016155	0.002521	0.003066	0.002703	0.002632	0.003333	0.003091	0.012005	0.005153	0.002622	0.007921	0.002995	0.003106	0.004175	0.002617	0.002950	0.002798	0.002869	0.005289	0.005637	0.001956	0.001982	0.000000	0.002244	0.007891	0.002592	0.002587	0.000000	0.000000	0.000000	0.016165	0.000000	0.000000	0.000000	0.002093	0.002123	0.005456	0.005299	0.005289	0.002370	0.002667	0.002849	0.002430	0.004684	0.002677	0.004256	0.006787	0.002970	0.001956	0.001921	0.001936	0.001956	0.001946	0.001946	0.001946	0.001956	0.001956	0.001951	0.001972	0.001941	0.001941	0.001921	0.001956	0.002118	0.002183	0.002113	0.002128	0.002143	0.002098	0.002012	0.001956	0.001941	0.000000	0.000000	0.000000	0.000000	0.000000	0.002340	0.000000	0.000000	0.000000	0.000000	0.000000	0.000000	0.000000	0.000000	0.000000	0.000000	0.017476	0.000000	0.000000	0.000000	0.000000
0.000000	0.018954	0.000000	0.005983	0.008042	0.016558	0.001933	0.001717	0.001807	0.003086	0.001994	0.001374	0.001616	0.003302	0.001414	0.003045	0.000000	0.001867	0.002074	0.001463	0.003270	0.009320	0.001590	0.004511	0.015401	0.001756	0.002301	0.001938	0.001867	0.002568	0.002326	0.011248	0.004390	0.001857	0.007160	0.002230	0.002341	0.003411	0.001852	0.002185	0.002034	0.002104	0.004526	0.004875	0.001191	0.001216	0.000000	0.001478	0.007130	0.001827	0.001822	0.000000	0.000000	0.000000	0.015411	0.000000	0.000000	0.000000	0.001327	0.001357	0.004693	0.004536	0.004526	0.001605	0.001902	0.002084	0.001665	0.003921	0.001912	0.003492	0.006025	0.002205	0.001191	0.001156	0.001171	0.001191	0.001181	0.001181	0.001181	0.001191	0.001191	0.001186	0.001206	0.001176	0.001176	0.001156	0.001191	0.001352	0.001418	0.001347	0.001362	0.001378	0.001332	0.001246	0.001191	0.001176	0.000000	0.000000	0.000000	0.000000	0.000000	0.001574	0.000000	0.000000	0.000000	0.000000	0.000000	0.000000	0.000000	0.000000	0.000000	0.000000	0.016723	0.000000	0.000000	0.000000	0.000000
0.000000	0.018547	0.000000	0.005570	0.007631	0.016150	0.001519	0.001303	0.001393	0.002672	0.001580	0.000960	0.001202	0.002888	0.001000	0.002632	0.001867	0.000000	0.001661	0.001050	0.002857	0.008910	0.001176	0.004099	0.014993	0.001343	0.001888	0.001525	0.001454	0.002156	0.001913	0.010838	0.003978	0.001444	0.006749	0.001817	0.001928	0.002999	0.001439	0.001772	0.001620	0.001691	0.004114	0.004463	0.000777	0.000803	0.000000	0.001065	0.006719	0.001413	0.001408	0.000000	0.000000	0.000000	0.015003	0.000000	0.000000	0.000000	0.000914	0.000944	0.004281	0.004124	0.004114	0.001191	0.001489	0.001671	0.001252	0.003508	0.001499	0.003079	0.005614	0.001792	0.000777	0.000742	0.000757	0.000777	0.000767	0.000767	0.000767	0.000777	0.000777	0.000772	0.000793	0.000762	0.000762	0.000742	0.000777	0.000939	0.001005	0.000934	0.000949	0.000964	0.000919	0.000833	0.000777	0.000762	0.000000	0.000000	0.000000	0.000000	0.000000	0.001161	0.000000	0.000000	0.000000	0.000000	0.000000	0.000000	0.000000	0.000000	0.000000	0.000000	0.016316	0.000000	0.000000	0.000000	0.000000
0.000000	0.018750	0.000000	0.005776	0.007836	0.016354	0.001726	0.001510	0.001600	0.002879	0.001787	0.001167	0.001409	0.003095	0.001207	0.002839	0.002074	0.001661	0.000000	0.001257	0.003064	0.009115	0.001383	0.004305	0.015197	0.001549	0.002095	0.001731	0.001661	0.002362	0.002120	0.011043	0.004184	0.001650	0.006955	0.002024	0.002135	0.003205	0.001645	0.001978	0.001827	0.001898	0.004320	0.004669	0.000984	0.001009	0.000000	0.001272	0.006925	0.001620	0.001615	0.000000	0.000000	0.000000	0.015207	0.000000	0.000000	0.000000	0.001120	0.001151	0.004487	0.004330	0.004320	0.001398	0.001696	0.001878	0.001459	0.003715	0.001706	0.003286	0.005819	0.001999	0.000984	0.000949	0.000964	0.000984	0.000974	0.000974	0.000974	0.000984	0.000984	0.000979	0.000999	0.000969	0.000969	0.000949	0.000984	0.001146	0.001211	0.001141	0.001156	0.001171	0.001126	0.001040	0.000984	0.000969	0.000000	0.000000	0.000000	0.000000	0.000000	0.001368	0.000000	0.000000	0.000000	0.000000	0.000000	0.000000	0.000000	0.000000	0.000000	0.000000	0.016519	0.000000	0.000000	0.000000	0.000000
0.000000	0.018150	0.000000	0.005168	0.007229	0.015752	0.001116	0.000899	0.000989	0.002269	0.001176	0.000556	0.000798	0.002485	0.000596	0.002229	0.001463	0.001050	0.001257	0.000000	0.002454	0.008510	0.000773	0.003697	0.014595	0.000939	0.001485	0.001121	0.001050	0.001752	0.001510	0.010439	0.003576	0.001040	0.006348	0.001414	0.001525	0.002596	0.001035	0.001369	0.001217	0.001288	0.003712	0.004060	0.000374	0.000399	0.000000	0.000662	0.006318	0.001010	0.001005	0.000000	0.000000	0.000000	0.014605	0.000000	0.000000	0.000000	0.000510	0.000540	0.003879	0.003722	0.003712	0.000788	0.001086	0.001268	0.000848	0.003106	0.001096	0.002677	0.005212	0.001389	0.000374	0.000338	0.000354	0.000374	0.000364	0.000364	0.000364	0.000374	0.000374	0.000369	0.000389	0.000359	0.000359	0.000338	0.000374	0.000535	0.000601	0.000530	0.000545	0.000561	0.000515	0.000429	0.000374	0.000359	0.000000	0.000000	0.000000	0.000000	0.000000	0.000758	0.000000	0.000000	0.000000	0.000000	0.000000	0.000000	0.000000	0.000000	0.000000	0.000000	0.015918	0.000000	0.000000	0.000000	0.000000
0.000000	0.019926	0.000000	0.006968	0.009025	0.017533	0.002923	0.002706	0.002797	0.004074	0.002983	0.002364	0.002606	0.004290	0.002404	0.004034	0.003270	0.002857	0.003064	0.002454	0.000000	0.010299	0.002576	0.005495	0.016373	0.002742	0.003287	0.002924	0.002853	0.003554	0.003312	0.012225	0.005374	0.002843	0.008141	0.003216	0.003327	0.004396	0.002838	0.003171	0.003020	0.003090	0.005510	0.005858	0.002178	0.002203	0.000000	0.002465	0.008111	0.002813	0.002808	0.000000	0.000000	0.000000	0.016384	0.000000	0.000000	0.000000	0.002314	0.002344	0.005676	0.005520	0.005510	0.002591	0.002889	0.003070	0.002652	0.004905	0.002899	0.004476	0.007007	0.003191	0.002178	0.002142	0.002158	0.002178	0.002168	0.002168	0.002168	0.002178	0.002178	0.002173	0.002193	0.002163	0.002163	0.002142	0.002178	0.002339	0.002405	0.002334	0.002349	0.002364	0.002319	0.002233	0.002178	0.002163	0.000000	0.000000	0.000000	0.000000	0.000000	0.002561	0.000000	0.000000	0.000000	0.000000	0.000000	0.000000	0.000000	0.000000	0.000000	0.000000	0.017694	0.000000	0.000000	0.000000	0.000000
0.000000	0.000000	0.000000	0.012996	0.015041	0.000000	0.008975	0.008760	0.008850	0.010119	0.009035	0.008419	0.008660	0.010334	0.008460	0.010079	0.009320	0.008910	0.009115	0.008510	0.010299	0.000000	0.008568	0.011470	0.000000	0.008734	0.009275	0.008914	0.008844	0.009541	0.009300	0.018159	0.011349	0.008834	0.014100	0.009205	0.009315	0.010377	0.008829	0.009160	0.009009	0.009080	0.011485	0.011830	0.008173	0.008198	0.000000	0.008458	0.014070	0.008804	0.008799	0.000000	0.000000	0.000000	0.000000	0.000000	0.000000	0.000000	0.008308	0.008338	0.011650	0.011495	0.011485	0.008583	0.008879	0.009060	0.008644	0.010883	0.008889	0.010458	0.012973	0.009180	0.008173	0.008138	0.008153	0.008173	0.008163	0.008163	0.008163	0.008173	0.008173	0.008168	0.008188	0.008158	0.008158	0.008138	0.008173	0.008333	0.008398	0.008328	0.008343	0.008358	0.008313	0.008228	0.008173	0.008158	0.000000	0.000000	0.000000	0.000000	0.000000	0.008553	0.000000	0.000000	0.000000	0.000000	0.000000	0.000000	0.000000	0.000000	0.000000	0.000000	0.000000	0.000000	0.000000	0.000000	0.000000
0.000000	0.018274	0.000000	0.005294	0.007355	0.015877	0.001242	0.001025	0.001116	0.002395	0.001302	0.000682	0.000924	0.002611	0.000722	0.002355	0.001590	0.001176	0.001383	0.000773	0.002576	0.008568	0.000000	0.003823	0.014719	0.001065	0.001611	0.001247	0.001177	0.001878	0.001636	0.010564	0.003701	0.001166	0.006474	0.001540	0.001651	0.002722	0.001161	0.001495	0.001343	0.001414	0.003838	0.004186	0.000500	0.000525	0.000000	0.000788	0.006443	0.001136	0.001131	0.000000	0.000000	0.000000	0.014730	0.000000	0.000000	0.000000	0.000636	0.000667	0.004004	0.003848	0.003838	0.000914	0.001212	0.001394	0.000975	0.003232	0.001222	0.002803	0.005337	0.001515	0.000500	0.000465	0.000480	0.000500	0.000490	0.000490	0.000490	0.000500	0.000500	0.000495	0.000515	0.000485	0.000485	0.000465	0.000500	0.000661	0.000727	0.000656	0.000672	0.000687	0.000641	0.000555	0.000500	0.000485	0.000000	0.000000	0.000000	0.000000	0.000000	0.000884	0.000000	0.000000	0.000000	0.000000	0.000000	0.000000	0.000000	0.000000	0.000000	0.000000	0.016042	0.000000	0.000000	0.000000	0.000000
0.000000	0.000000	0.000000	0.008205	0.010260	0.018756	0.004164	0.003948	0.004039	0.005314	0.004225	0.003606	0.003848	0.005530	0.003646	0.005274	0.004511	0.004099	0.004305	0.003697	0.005495	0.011470	0.003823	0.000000	0.017592	0.003978	0.004521	0.004159	0.004088	0.004788	0.004546	0.013448	0.006606	0.004078	0.009370	0.004451	0.004562	0.005629	0.004073	0.004405	0.004254	0.004325	0.006742	0.007089	0.003414	0.003439	0.000000	0.003701	0.009340	0.004048	0.004043	0.000000	0.000000	0.000000	0.017602	0.000000	0.000000	0.000000	0.003550	0.003580	0.006908	0.006752	0.006742	0.003826	0.004124	0.004305	0.003887	0.006137	0.004134	0.005710	0.008237	0.004426	0.003414	0.003378	0.003393	0.003414	0.003404	0.003404	0.003404	0.003414	0.003414	0.003409	0.003429	0.003399	0.003399	0.003378	0.003414	0.003575	0.003640	0.003570	0.003585	0.003600	0.003555	0.003469	0.003414	0.003399	0.000000	0.000000	0.000000	0.000000	0.000000	0.003796	0.000000	0.000000	0.000000	0.000000	0.000000	0.000000	0.000000	0.000000	0.000000	0.000000	0.018911	0.000000	0.000000	0.000000	0.000000
0.000000	0.000000	0.000000	0.019054	0.000000	0.000000	0.015058	0.014844	0.014933	0.016195	0.015117	0.014505	0.014744	0.016408	0.014545	0.016155	0.015401	0.014993	0.015197	0.014595	0.016373	0.000000	0.014719	0.017592	0.000000	0.014683	0.015221	0.014862	0.014793	0.015485	0.015246	0.000000	0.017283	0.014783	0.000000	0.015151	0.015261	0.016317	0.014778	0.015107	0.014957	0.015027	0.017418	0.017761	0.014125	0.014150	0.000000	0.014409	0.019988	0.014753	0.014748	0.000000	0.000000	0.000000	0.000000	0.000000	0.000000	0.000000	0.014260	0.014290	0.017582	0.017428	0.017418	0.014534	0.014828	0.015007	0.014594	0.016820	0.014838	0.016397	0.018897	0.015126	0.014125	0.014090	0.014105	0.014125	0.014115	0.014115	0.014115	0.014125	0.014125	0.014120	0.014140	0.014110	0.014110	0.014090	0.014125	0.014285	0.014349	0.014280	0.014295	0.014310	0.014265	0.014180	0.014125	0.014110	0.000000	0.000000	0.000000	0.000000	0.000000	0.014504	0.000000	0.000000	0.000000	0.000000	0.000000	0.000000	0.000000	0.000000	0.000000	0.000000	0.000000	0.000000	0.000000	0.000000	0.000000
0.000000	0.018438	0.000000	0.005460	0.007520	0.016041	0.001408	0.001192	0.001282	0.002561	0.001469	0.000849	0.001091	0.002778	0.000889	0.002521	0.001756	0.001343	0.001549	0.000939	0.002742	0.008734	0.001065	0.003978	0.014683	0.000000	0.001777	0.001414	0.001343	0.002045	0.001802	0.010729	0.003867	0.001333	0.006639	0.001706	0.001818	0.002888	0.001328	0.001661	0.001510	0.001580	0.004004	0.004352	0.000666	0.000692	0.000000	0.000954	0.006609	0.001303	0.001298	0.000000	0.000000	0.000000	0.014894	0.000000	0.000000	0.000000	0.000803	0.000833	0.004170	0.004014	0.004004	0.001080	0.001378	0.001560	0.001141	0.003398	0.001388	0.002969	0.005503	0.001681	0.000666	0.000631	0.000646	0.000666	0.000656	0.000656	0.000656	0.000666	0.000666	0.000661	0.000682	0.000651	0.000651	0.000631	0.000666	0.000828	0.000894	0.000823	0.000838	0.000853	0.000808	0.000722	0.000666	0.000651	0.000000	0.000000	0.000000	0.000000	0.000000	0.001050	0.000000	0.000000	0.000000	0.000000	0.000000	0.000000	0.000000	0.000000	0.000000	0.000000	0.016206	0.000000	0.000000	0.000000	0.000000
0.000000	0.018974	0.000000	0.006003	0.008062	0.016578	0.001954	0.001737	0.001828	0.003106	0.002014	0.001394	0.001636	0.003322	0.001434	0.003066	0.002301	0.001888	0.002095	0.001485	0.003287	0.009275	0.001611	0.004521	0.015221	0.001777	0.000000	0.001958	0.001887	0.002589	0.002346	0.011268	0.004410	0.001877	0.007180	0.002251	0.002362	0.003431	0.001872	0.002205	0.002054	0.002124	0.004546	0.004895	0.001211	0.001236	0.000000	0.001499	0.007150	0.001847	0.001842	0.000000	0.000000	0.000000	0.015431	0.000000	0.000000	0.000000	0.001347	0.001378	0.004713	0.004557	0.004546	0.001625	0.001923	0.002104	0.001685	0.003941	0.001933	0.003512	0.006045	0.002225	0.001211	0.001176	0.001191	0.001211	0.001201	0.001201	0.001201	0.001211	0.001211	0.001206	0.001226	0.001196	0.001196	0.001176	0.001211	0.001373	0.001438	0.001367	0.001383	0.001398	0.001352	0.001267	0.001211	0.001196	0.000000	0.000000	0.000000	0.000000	0.000000	0.001595	0.000000	0.000000	0.000000	0.000000	0.000000	0.000000	0.000000	0.000000	0.000000	0.000000	0.016743	0.000000	0.000000	0.000000	0.000000
0.000000	0.018616	0.000000	0.005641	0.007701	0.016220	0.001590	0.001373	0.001464	0.002743	0.001651	0.001030	0.001272	0.002959	0.001071	0.002703	0.001938	0.001525	0.001731	0.001121	0.002924	0.008914	0.001247	0.004159	0.014862	0.001414	0.001958	0.000000	0.001524	0.002226	0.001984	0.010908	0.004048	0.001514	0.006820	0.001888	0.001999	0.003069	0.001509	0.001842	0.001691	0.001762	0.004185	0.004533	0.000848	0.000873	0.000000	0.001136	0.006789	0.001484	0.001479	0.000000	0.000000	0.000000	0.015073	0.000000	0.000000	0.000000	0.000984	0.001015	0.004351	0.004195	0.004185	0.001262	0.001560	0.001741	0.001323	0.003579	0.001570	0.003150	0.005684	0.001863	0.000848	0.000813	0.000828	0.000848	0.000838	0.000838	0.000838	0.000848	0.000848	0.000843	0.000863	0.000833	0.000833	0.000813	0.000848	0.001010	0.001075	0.001005	0.001020	0.001035	0.000989	0.000904	0.000848	0.000833	0.000000	0.000000	0.000000	0.000000	0.000000	0.001232	0.000000	0.000000	0.000000	0.000000	0.000000	0.000000	0.000000	0.000000	0.000000	0.000000	0.016385	0.000000	0.000000	0.000000	0.000000
0.000000	0.018547	0.000000	0.005570	0.007631	0.016150	0.001519	0.001303	0.001393	0.002672	0.001580	0.000960	0.001202	0.002888	0.001000	0.002632	0.001867	0.001454	0.001661	0.001050	0.002853	0.008844	0.001177	0.004088	0.014793	0.001343	0.001887	0.001524	0.000000	0.002156	0.001913	0.010838	0.003978	0.001444	0.006749	0.001817	0.001928	0.002999	0.001439	0.001772	0.001620	0.001691	0.004114	0.004463	0.000777	0.000803	0.000000	0.001065	0.006719	0.001413	0.001408	0.000000	0.000000	0.000000	0.015003	0.000000	0.000000	0.000000	0.000914	0.000944	0.004281	0.004124	0.004114	0.001191	0.001489	0.001671	0.001252	0.003508	0.001499	0.003079	0.005614	0.001792	0.000777	0.000742	0.000757	0.000777	0.000767	0.000767	0.000767	0.000777	0.000777	0.000772	0.000793	0.000762	0.000762	0.000742	0.000777	0.000939	0.001005	0.000934	0.000949	0.000964	0.000919	0.000833	0.000777	0.000762	0.000000	0.000000	0.000000	0.000000	0.000000	0.001161	0.000000	0.000000	0.000000	0.000000	0.000000	0.000000	0.000000	0.000000	0.000000	0.000000	0.016316	0.000000	0.000000	0.000000	0.000000
0.000000	0.019237	0.000000	0.006269	0.008328	0.016841	0.002221	0.002004	0.002095	0.003373	0.002281	0.001662	0.001904	0.003589	0.001702	0.003333	0.002568	0.002156	0.002362	0.001752	0.003554	0.009541	0.001878	0.004788	0.015485	0.002045	0.002589	0.002226	0.002156	0.000000	0.002613	0.011532	0.004676	0.002144	0.007446	0.002517	0.002628	0.003698	0.002139	0.002472	0.002321	0.002391	0.004813	0.005161	0.001478	0.001503	0.000000	0.001766	0.007416	0.002114	0.002109	0.000000	0.000000	0.000000	0.015694	0.000000	0.000000	0.000000	0.001614	0.001645	0.004979	0.004823	0.004813	0.001892	0.002189	0.002371	0.001952	0.004207	0.002199	0.003778	0.006311	0.002492	0.001478	0.001443	0.001458	0.001478	0.001468	0.001468	0.001468	0.001478	0.001478	0.001473	0.001493	0.001463	0.001463	0.001443	0.001478	0.001640	0.001705	0.001634	0.001650	0.001665	0.001619	0.001534	0.001478	0.001463	0.000000	0.000000	0.000000	0.000000	0.000000	0.001861	0.000000	0.000000	0.000000	0.000000	0.000000	0.000000	0.000000	0.000000	0.000000	0.000000	0.017005	0.000000	0.000000	0.000000	0.000000
0.000000	0.018999	0.000000	0.006028	0.008087	0.016603	0.001979	0.001762	0.001853	0.003131	0.002039	0.001419	0.001661	0.003347	0.001460	0.003091	0.002326	0.001913	0.002120	0.001510	0.003312	0.009300	0.001636	0.004546	0.015246	0.001802	0.002346	0.001984	0.001913	0.002613	0.000000	0.011293	0.004435	0.001902	0.007205	0.002276	0.002387	0.003456	0.001897	0.002230	0.002079	0.002150	0.004572	0.004920	0.001236	0.001261	0.000000	0.001524	0.007175	0.001872	0.001867	0.000000	0.000000	0.000000	0.015455	0.000000	0.000000	0.000000	0.001372	0.001403	0.004738	0.004582	0.004572	0.001650	0.001948	0.002129	0.001711	0.003966	0.001958	0.003537	0.006070	0.002250	0.001236	0.001201	0.001216	0.001236	0.001226	0.001226	0.001226	0.001236	0.001236	0.001231	0.001251	0.001221	0.001221	0.001201	0.001236	0.001398	0.001463	0.001393	0.001408	0.001423	0.001378	0.001292	0.001236	0.001221	0.000000	0.000000	0.000000	0.000000	0.000000	0.001620	0.000000	0.000000	0.000000	0.000000	0.000000	0.000000	0.000000	0.000000	0.000000	0.000000	0.016767	0.000000	0.000000	0.000000	0.000000
0.000000	0.000000	0.000000	0.014916	0.016957	0.000000	0.010903	0.010689	0.010778	0.012045	0.010963	0.010349	0.010589	0.012259	0.010389	0.012005	0.011248	0.010838	0.011043	0.010439	0.012225	0.018159	0.010564	0.013448	0.000000	0.010729	0.011268	0.010908	0.010838	0.011532	0.011293	0.000000	0.013238	0.010728	0.015984	0.011098	0.011208	0.012268	0.010723	0.011053	0.010903	0.010973	0.013373	0.013718	0.010067	0.010092	0.000000	0.010353	0.015954	0.010698	0.010693	0.000000	0.000000	0.000000	0.000000	0.000000	0.000000	0.000000	0.010202	0.010233	0.013538	0.013383	0.013373	0.010478	0.010773	0.010953	0.010538	0.012773	0.010783	0.012348	0.014859	0.011073	0.010067	0.010032	0.010047	0.010067	0.010057	0.010057	0.010057	0.010067	0.010067	0.010062	0.010082	0.010052	0.010052	0.010032	0.010067	0.010228	0.010293	0.010223	0.010238	0.010253	0.010208	0.010122	0.010067	0.010052	0.000000	0.000000	0.000000	0.000000	0.000000	0.010448	0.000000	0.000000	0.000000	0.000000	0.000000	0.000000	0.000000	0.000000	0.000000	0.000000	0.000000	0.000000	0.000000	0.000000	0.000000
0.000000	0.000000	0.000000	0.008084	0.010139	0.018637	0.004043	0.003827	0.003918	0.005193	0.004104	0.003485	0.003726	0.005409	0.003525	0.005153	0.004390	0.003978	0.004184	0.003576	0.005374	0.011349	0.003701	0.006606	0.017283	0.003867	0.004410	0.004048	0.003978	0.004676	0.004435	0.013238	0.000000	0.003958	0.009250	0.004330	0.004441	0.005509	0.003953	0.004285	0.004134	0.004205	0.006622	0.006969	0.003293	0.003318	0.000000	0.003580	0.009220	0.003928	0.003923	0.000000	0.000000	0.000000	0.017483	0.000000	0.000000	0.000000	0.003429	0.003459	0.006788	0.006632	0.006622	0.003706	0.004003	0.004184	0.003767	0.006017	0.004013	0.005589	0.008117	0.004305	0.003293	0.003258	0.003273	0.003293	0.003283	0.003283	0.003283	0.003293	0.003293	0.003288	0.003308	0.003278	0.003278	0.003258	0.003293	0.003454	0.003520	0.003449	0.003464	0.003479	0.003434	0.003349	0.003293	0.003278	0.000000	0.000000	0.000000	0.000000	0.000000	0.003676	0.000000	0.000000	0.000000	0.000000	0.000000	0.000000	0.000000	0.000000	0.000000	0.000000	0.018792	0.000000	0.000000	0.000000	0.000000
0.000000	0.018537	0.000000	0.005560	0.007621	0.016140	0.001509	0.001293	0.001383	0.002662	0.001570	0.000950	0.001192	0.002878	0.000990	0.002622	0.001857	0.001444	0.001650	0.001040	0.002843	0.008834	0.001166	0.004078	0.014783	0.001333	0.001877	0.001514	0.001444	0.002144	0.001902	0.010728	0.003958	0.000000	0.006739	0.001807	0.001918	0.002989	0.001429	0.001762	0.001610	0.001681	0.004104	0.004453	0.000767	0.000793	0.000000	0.001055	0.006709	0.001403	0.001398	0.000000	0.000000	0.000000	0.014993	0.000000	0.000000	0.000000	0.000904	0.000934	0.004271	0.004114	0.004104	0.001181	0.001479	0.001661	0.001242	0.003498	0.001489	0.003069	0.005604	0.001782	0.000767	0.000732	0.000747	0.000767	0.000757	0.000757	0.000757	0.000767	0.000767	0.000762	0.000782	0.000752	0.000752	0.000732	0.000767	0.000929	0.000994	0.000924	0.000939	0.000954	0.000909	0.000823	0.000767	0.000752	0.000000	0.000000	0.000000	0.000000	0.000000	0.001151	0.000000	0.000000	0.000000	0.000000	0.000000	0.000000	0.000000	0.000000	0.000000	0.000000	0.016306	0.000000	0.000000	0.000000	0.000000
0.000000	0.000000	0.000000	0.010844	0.012894	0.000000	0.006815	0.006599	0.006689	0.007961	0.006875	0.006258	0.006499	0.008176	0.006298	0.007921	0.007160	0.006749	0.006955	0.006348	0.008141	0.014100	0.006474	0.009370	0.000000	0.006639	0.007180	0.006820	0.006749	0.007446	0.007205	0.015984	0.009250	0.006739	0.000000	0.007075	0.007186	0.008250	0.006699	0.007030	0.006880	0.006950	0.009360	0.009707	0.006041	0.006066	0.000000	0.006327	0.011951	0.006674	0.006669	0.000000	0.000000	0.000000	0.000000	0.000000	0.000000	0.000000	0.006177	0.006207	0.009526	0.009370	0.009360	0.006453	0.006749	0.006930	0.006513	0.008758	0.006759	0.008331	0.010852	0.007050	0.006041	0.006006	0.006021	0.006041	0.006031	0.006031	0.006031	0.006041	0.006041	0.006036	0.006056	0.006026	0.006026	0.006006	0.006041	0.006202	0.006267	0.006197	0.006212	0.006227	0.006182	0.006096	0.006041	0.006026	0.000000	0.000000	0.000000	0.000000	0.000000	0.006423	0.000000	0.000000	0.000000	0.000000	0.000000	0.000000	0.000000	0.000000	0.000000	0.000000	0.000000	0.000000	0.000000	0.000000	0.000000
0.000000	0.018904	0.000000	0.005932	0.007992	0.016508	0.001883	0.001666	0.001757	0.003035	0.001943	0.001323	0.001565	0.003251	0.001364	0.002995	0.002230	0.001817	0.002024	0.001414	0.003216	0.009205	0.001540	0.004451	0.015151	0.001706	0.002251	0.001888	0.001817	0.002517	0.002276	0.011098	0.004330	0.001807	0.007075	0.000000	0.002291	0.003361	0.001802	0.002135	0.001983	0.002054	0.004476	0.004824	0.001140	0.001166	0.000000	0.001428	0.007080	0.001776	0.001771	0.000000	0.000000	0.000000	0.015361	0.000000	0.000000	0.000000	0.001277	0.001307	0.004643	0.004486	0.004476	0.001554	0.001852	0.002034	0.001615	0.003871	0.001862	0.003442	0.005975	0.002155	0.001140	0.001105	0.001120	0.001140	0.001130	0.001130	0.001130	0.001140	0.001140	0.001135	0.001156	0.001125	0.001125	0.001105	0.001140	0.001302	0.001368	0.001297	0.001312	0.001327	0.001282	0.001196	0.001140	0.001125	0.000000	0.000000	0.000000	0.000000	0.000000	0.001524	0.000000	0.000000	0.000000	0.000000	0.000000	0.000000	0.000000	0.000000	0.000000	0.000000	0.016673	0.000000	0.000000	0.000000	0.000000
0.000000	0.019013	0.000000	0.006043	0.008102	0.016618	0.001994	0.001777	0.001868	0.003146	0.002054	0.001434	0.001676	0.003362	0.001475	0.003106	0.002341	0.001928	0.002135	0.001525	0.003327	0.009315	0.001651	0.004562	0.015261	0.001818	0.002362	0.001999	0.001928	0.002628	0.002387	0.011208	0.004441	0.001918	0.007186	0.002291	0.000000	0.003471	0.001912	0.002245	0.002094	0.002165	0.004587	0.004935	0.001251	0.001277	0.000000	0.001539	0.007190	0.001887	0.001882	0.000000	0.000000	0.000000	0.015470	0.000000	0.000000	0.000000	0.001388	0.001418	0.004753	0.004597	0.004587	0.001665	0.001963	0.002144	0.001726	0.003981	0.001973	0.003552	0.006085	0.002266	0.001251	0.001216	0.001231	0.001251	0.001241	0.001241	0.001241	0.001251	0.001251	0.001246	0.001266	0.001236	0.001236	0.001216	0.001251	0.001413	0.001478	0.001408	0.001423	0.001438	0.001393	0.001307	0.001251	0.001236	0.000000	0.000000	0.000000	0.000000	0.000000	0.001635	0.000000	0.000000	0.000000	0.000000	0.000000	0.000000	0.000000	0.000000	0.000000	0.000000	0.016782	0.000000	0.000000	0.000000	0.000000
