0.000000	0.000000	0.000000	0.000000	0.000000	0.000000	0.000000	0.000000	0.000000	0.000000	0.000000	0.000000	0.000000	0.000000	0.000000	0.000000	0.000000	0.000000	0.000000	0.000000	0.000000	0.000000	0.000000	0.000000	0.000000	0.000000	0.000000	0.000000	0.000000	0.000000	0.000000	0.000000	0.000000	0.000000	0.000000	0.000000	0.000000	0.000000	0.000000	0.000000	0.000000	0.000000	0.000000	0.000000	0.000000	0.000000	0.000000	0.000000	0.000000	0.000000	0.000000	0.000000	0.000000	0.000000	0.000000	0.000000	0.000000	0.000000	0.000000	0.000000	0.000000	0.000000	0.000000	0.000000	0.000000	0.000000	0.000000	0.000000	0.000000	0.000000	0.000000	0.000000	0.000000	0.000000	0.000000	0.000000	0.000000	0.000000	0.000000	0.000000	0.000000	0.000000	0.000000	0.000000	0.000000	0.000000	0.000000	0.000000	0.000000	0.000000	0.000000	0.000000	0.000000	0.000000	0.000000	0.000000	0.000000	0.000000	0.000000	0.000000	0.000000	0.000000	0.000000	0.000000	0.000000	0.000000	0.000000	0.000000	0.000000	0.000000	0.000000	0.000000	0.000000	0.000000	0.000000	0.000000	0.000000
0.000000	0.000000	0.000000	0.000000	0.000000	0.000000	0.000000	0.000000	0.000000	0.000000	0.000000	0.000000	0.000000	0.000000	0.000000	0.000000	0.000000	0.000000	0.000000	0.000000	0.000000	0.000000	0.000000	0.000000	0.000000	0.000000	0.000000	0.000000	0.000000	0.000000	0.000000	0.000000	0.000000	0.000000	0.000000	0.000000	0.000000	0.000000	0.000000	0.000000	0.000000	0.000000	0.000000	0.000000	0.000000	0.000000	0.000000	0.000000	0.000000	0.000000	0.000000	0.000000	0.000000	0.000000	0.000000	0.000000	0.000000	0.000000	0.000000	0.000000	0.000000	0.000000	0.000000	0.000000	0.000000	0.000000	0.000000	0.000000	0.000000	0.000000	0.000000	0.000000	0.000000	0.000000	0.000000	0.000000	0.000000	0.000000	0.000000	0.000000	0.000000	0.000000	0.000000	0.000000	0.000000	0.000000	0.000000	0.000000	0.000000	0.000000	0.000000	0.000000	0.000000	0.000000	0.000000	0.000000	0.000000	0.000000	0.000000	0.000000	0.000000	0.000000	0.000000	0.000000	0.000000	0.000000	0.000000	0.000000	0.000000	0.000000	0.000000	0.000000	0.000000	0.000000	0.000000	0.000000	0.000000
0.000000	0.000000	0.000000	0.022724	0.015906	0.024354	0.015606	0.015431	0.015418	0.020980	0.016849	0.015930	0.015423	0.016592	0.018828	0.018880	0.015495	0.015662	0.015380	0.017631	0.016139	0.022444	0.015287	0.000000	0.000000	0.015387	0.017906	0.015844	0.015301	0.022418	0.015372	0.015797	0.025168	0.015408	0.028991	0.017769	0.000000	0.019844	0.016110	0.015549	0.016035	0.015670	0.019958	0.016758	0.016919	0.015665	0.015548	0.015558	0.018760	0.015497	0.015600	0.016680	0.022472	0.022648	0.016173	0.000000	0.016452	0.000000	0.015761	0.015554	0.017542	0.018680	0.019958	0.022592	0.015492	0.016452	0.018194	0.000000	0.015646	0.000000	0.018418	0.000000	0.015338	0.015414	0.015344	0.015426	0.015359	0.015280	0.015276	0.015268	0.015262	0.015265	0.015270	0.015362	0.015287	0.015344	0.015419	0.015460	0.015384	0.015424	0.015387	0.015446	0.015374	0.015379	0.015393	0.015367	0.000000	0.000000	0.000000	0.000000	0.000000	0.015936	0.000000	0.000000	0.000000	0.029666	0.000000	0.000000	0.000000	0.000000	0.000000	0.000000	0.000000	0.000000	0.000000	0.000000	0.000000
0.000000	0.000000	0.022724	0.000000	0.008216	0.016730	0.007913	0.007738	0.007724	0.013330	0.009166	0.008240	0.007729	0.008907	0.011160	0.011213	0.007802	0.007970	0.007686	0.009955	0.008451	0.014805	0.007592	0.023055	0.000000	0.007693	0.010232	0.008154	0.007606	0.014779	0.007678	0.008106	0.017550	0.007714	0.021403	0.010093	0.023934	0.012184	0.008422	0.007856	0.008346	0.007978	0.012299	0.009074	0.009236	0.007973	0.007855	0.007865	0.011092	0.007803	0.007907	0.008996	0.014833	0.015010	0.008484	0.000000	0.008766	0.000000	0.008070	0.007862	0.009864	0.011011	0.012299	0.014954	0.007798	0.008766	0.010521	0.022894	0.007954	0.000000	0.010747	0.000000	0.007643	0.007720	0.007649	0.007732	0.007664	0.007585	0.007581	0.007573	0.007567	0.007570	0.007575	0.007668	0.007591	0.007649	0.007725	0.007767	0.007690	0.007730	0.007693	0.007753	0.007680	0.007685	0.007699	0.007673	0.000000	0.000000	0.000000	0.000000	0.000000	0.008246	0.000000	0.000000	0.000000	0.022083	0.000000	0.000000	0.000000	0.000000	0.000000	0.000000	0.000000	0.000000	0.000000	0.027704	0.000000
0.000000	0.000000	0.015906	0.008216	0.000000	0.009926	0.001049	0.000872	0.000858	0.006503	0.002310	0.001378	0.000864	0.002050	0.004318	0.004372	0.000937	0.001106	0.000820	0.003105	0.001591	0.007988	0.000726	0.016296	0.000000	0.000827	0.003384	0.001291	0.000740	0.007962	0.000812	0.001243	0.010752	0.000849	0.014632	0.003244	0.017181	0.005350	0.001561	0.000991	0.001485	0.001115	0.005465	0.002218	0.002381	0.001110	0.000990	0.001000	0.004250	0.000938	0.001043	0.002139	0.008017	0.008195	0.001624	0.000000	0.001908	0.000000	0.001207	0.000997	0.003014	0.004169	0.005465	0.008138	0.000933	0.001908	0.003675	0.016133	0.001090	0.000000	0.003903	0.000000	0.000777	0.000855	0.000783	0.000867	0.000798	0.000719	0.000714	0.000706	0.000700	0.000703	0.000709	0.000802	0.000725	0.000783	0.000860	0.000901	0.000824	0.000865	0.000827	0.000887	0.000814	0.000819	0.000833	0.000807	0.000000	0.000000	0.027367	0.000000	0.000000	0.001385	0.000000	0.000000	0.000000	0.015317	0.000000	0.000000	0.000000	0.000000	0.000000	0.000000	0.000000	0.000000	0.000000	0.020977	0.000000
0.000000	0.000000	0.024354	0.016730	0.009926	0.000000	0.009540	0.009365	0.009351	0.014948	0.010790	0.009866	0.009356	0.010532	0.012782	0.012834	0.009429	0.009597	0.009313	0.011578	0.010077	0.016420	0.009220	0.024657	0.000000	0.009320	0.011855	0.009780	0.009233	0.016395	0.009305	0.009732	0.019161	0.009341	0.023008	0.011716	0.025534	0.013804	0.010048	0.009483	0.009972	0.009605	0.013919	0.010699	0.010861	0.009600	0.009482	0.009492	0.012714	0.009430	0.009534	0.010621	0.016448	0.016625	0.010110	0.000000	0.010391	0.000000	0.009697	0.009488	0.011488	0.012633	0.013919	0.016569	0.009425	0.010392	0.012144	0.024496	0.009581	0.000000	0.012369	0.000000	0.009270	0.009348	0.009277	0.009359	0.009292	0.009213	0.009208	0.009200	0.009194	0.009197	0.009203	0.009295	0.009219	0.009277	0.009352	0.009394	0.009317	0.009357	0.009320	0.009380	0.009307	0.009312	0.009326	0.009300	0.000000	0.000000	0.000000	0.000000	0.000000	0.009873	0.000000	0.000000	0.000000	0.023687	0.000000	0.000000	0.000000	0.000000	0.000000	0.000000	0.000000	0.000000	0.000000	0.029298	0.000000
0.000000	0.000000	0.015606	0.007913	0.001049	0.009540	0.000000	0.000568	0.000554	0.006200	0.002006	0.001073	0.000559	0.001746	0.004015	0.004068	0.000632	0.000802	0.000516	0.002801	0.001286	0.007686	0.000421	0.015996	0.000000	0.000523	0.003080	0.000987	0.000435	0.007660	0.000508	0.000939	0.010451	0.000544	0.014332	0.002940	0.016881	0.005047	0.001257	0.000687	0.001181	0.000810	0.005162	0.001914	0.002077	0.000805	0.000686	0.000696	0.003947	0.000634	0.000739	0.001835	0.007714	0.007893	0.001320	0.000000	0.001603	0.000000	0.000903	0.000693	0.002710	0.003865	0.005162	0.007836	0.000629	0.001604	0.003372	0.015833	0.000786	0.000000	0.003599	0.000000	0.000472	0.000550	0.000479	0.000562	0.000494	0.000414	0.000410	0.000402	0.000395	0.000399	0.000404	0.000498	0.000421	0.000479	0.000555	0.000597	0.000520	0.000560	0.000523	0.000583	0.000509	0.000514	0.000529	0.000503	0.000000	0.000000	0.027070	0.000000	0.000000	0.001080	0.000000	0.000000	0.000000	0.015017	0.000000	0.000000	0.000000	0.000000	0.000000	0.000000	0.000000	0.000000	0.000000	0.020678	0.000000
0.000000	0.000000	0.015431	0.007738	0.000872	0.009365	0.000568	0.000000	0.000377	0.006024	0.001830	0.000897	0.000382	0.001569	0.003839	0.003892	0.000456	0.000625	0.000339	0.002624	0.001110	0.007511	0.000245	0.015822	0.000000	0.000346	0.002904	0.000810	0.000258	0.007485	0.000331	0.000762	0.010276	0.000367	0.014157	0.002764	0.016707	0.004871	0.001080	0.000510	0.001004	0.000633	0.004986	0.001738	0.001901	0.000628	0.000509	0.000519	0.003771	0.000457	0.000562	0.001658	0.007539	0.007717	0.001143	0.000000	0.001427	0.000000	0.000726	0.000516	0.002533	0.003689	0.004986	0.007660	0.000452	0.001427	0.003195	0.015659	0.000609	0.000000	0.003423	0.000000	0.000296	0.000374	0.000302	0.000386	0.000317	0.000237	0.000233	0.000225	0.000219	0.000222	0.000227	0.000321	0.000244	0.000302	0.000378	0.000420	0.000343	0.000384	0.000346	0.000406	0.000333	0.000338	0.000352	0.000326	0.000000	0.000000	0.026898	0.000000	0.000000	0.000904	0.000000	0.000000	0.000000	0.014843	0.000000	0.000000	0.000000	0.029940	0.000000	0.000000	0.000000	0.000000	0.000000	0.020505	0.000000
0.000000	0.000000	0.015418	0.007724	0.000858	0.009351	0.000554	0.000377	0.000000	0.006010	0.001816	0.000883	0.000368	0.001555	0.003825	0.003878	0.000442	0.000611	0.000325	0.002610	0.001096	0.007496	0.000231	0.015808	0.000000	0.000332	0.002890	0.000796	0.000244	0.007471	0.000317	0.000748	0.010262	0.000353	0.014144	0.002750	0.016693	0.004857	0.001066	0.000496	0.000990	0.000619	0.004972	0.001724	0.001887	0.000614	0.000495	0.000505	0.003756	0.000443	0.000548	0.001644	0.007525	0.007703	0.001129	0.000000	0.001413	0.000000	0.000712	0.000502	0.002519	0.003675	0.004972	0.007646	0.000438	0.001413	0.003181	0.015646	0.000595	0.000000	0.003409	0.000000	0.000282	0.000360	0.000288	0.000371	0.000303	0.000223	0.000219	0.000211	0.000205	0.000208	0.000213	0.000307	0.000230	0.000288	0.000364	0.000406	0.000329	0.000370	0.000332	0.000392	0.000319	0.000324	0.000338	0.000312	0.000000	0.000000	0.026884	0.000000	0.000000	0.000890	0.000000	0.000000	0.000000	0.014829	0.000000	0.000000	0.000000	0.029926	0.000000	0.000000	0.000000	0.000000	0.000000	0.020491	0.000000
0.000000	0.000000	0.020980	0.013330	0.006503	0.014948	0.006200	0.006024	0.006010	0.000000	0.007421	0.006494	0.005982	0.007162	0.009419	0.009472	0.006055	0.006224	0.005939	0.008212	0.006705	0.013070	0.005845	0.021335	0.000000	0.005946	0.008489	0.006408	0.005859	0.013045	0.005931	0.006360	0.015820	0.005967	0.019680	0.008350	0.022215	0.010445	0.006676	0.006109	0.006600	0.006232	0.010560	0.007330	0.007492	0.006227	0.006108	0.006118	0.009351	0.006056	0.006161	0.007251	0.013098	0.013276	0.006739	0.000000	0.007021	0.000000	0.006324	0.006115	0.008121	0.009270	0.010560	0.013219	0.006051	0.007021	0.008779	0.021174	0.006208	0.000000	0.009006	0.000000	0.005896	0.005973	0.005902	0.005985	0.005917	0.005838	0.005833	0.005826	0.005819	0.005823	0.005828	0.005921	0.005844	0.005902	0.005978	0.006020	0.005943	0.005983	0.005946	0.006006	0.005933	0.005938	0.005952	0.005926	0.000000	0.000000	0.000000	0.000000	0.000000	0.006501	0.000000	0.000000	0.000000	0.020362	0.000000	0.000000	0.000000	0.000000	0.000000	0.000000	0.000000	0.000000	0.000000	0.025992	0.000000
0.000000	0.000000	0.016849	0.009166	0.002310	0.010790	0.002006	0.001830	0.001816	0.007421	0.000000	0.002332	0.001818	0.003003	0.005270	0.005323	0.001892	0.002061	0.001775	0.004057	0.002545	0.008936	0.001681	0.017236	0.000000	0.001782	0.004336	0.002246	0.001695	0.008910	0.001767	0.002197	0.011698	0.001803	0.015574	0.004196	0.018120	0.006300	0.002515	0.001946	0.002439	0.002069	0.006416	0.003172	0.003335	0.002064	0.001945	0.001955	0.005202	0.001893	0.001998	0.003093	0.008965	0.009143	0.002578	0.000000	0.002861	0.000000	0.002162	0.001952	0.003966	0.005120	0.006416	0.009086	0.001888	0.002862	0.004627	0.017074	0.002045	0.000000	0.004855	0.000000	0.001732	0.001810	0.001738	0.001822	0.001753	0.001674	0.001669	0.001661	0.001655	0.001658	0.001664	0.001757	0.001680	0.001738	0.001814	0.001856	0.001779	0.001820	0.001782	0.001842	0.001769	0.001774	0.001788	0.001762	0.000000	0.000000	0.028296	0.000000	0.000000	0.002339	0.000000	0.000000	0.000000	0.016258	0.000000	0.000000	0.000000	0.000000	0.000000	0.000000	0.000000	0.000000	0.000000	0.021912	0.000000
0.000000	0.000000	0.015930	0.008240	0.001378	0.009866	0.001073	0.000897	0.000883	0.006494	0.002332	0.000000	0.000888	0.002074	0.004343	0.004396	0.000961	0.001130	0.000844	0.003129	0.001615	0.008012	0.000750	0.016319	0.000000	0.000851	0.003408	0.001315	0.000764	0.007986	0.000836	0.001267	0.010776	0.000873	0.014656	0.003268	0.017204	0.005374	0.001585	0.001015	0.001509	0.001139	0.005489	0.002242	0.002405	0.001134	0.001014	0.001024	0.004274	0.000962	0.001067	0.002163	0.008041	0.008219	0.001648	0.000000	0.001932	0.000000	0.001231	0.001021	0.003038	0.004193	0.005489	0.008162	0.000957	0.001932	0.003699	0.016157	0.001115	0.000000	0.003927	0.000000	0.000801	0.000879	0.000808	0.000891	0.000823	0.000743	0.000738	0.000731	0.000724	0.000727	0.000733	0.000826	0.000749	0.000808	0.000884	0.000926	0.000849	0.000889	0.000851	0.000911	0.000838	0.000843	0.000857	0.000831	0.000000	0.000000	0.027390	0.000000	0.000000	0.001409	0.000000	0.000000	0.000000	0.015341	0.000000	0.000000	0.000000	0.000000	0.000000	0.000000	0.000000	0.000000	0.000000	0.021000	0.000000
0.000000	0.000000	0.015423	0.007729	0.000864	0.009356	0.000559	0.000382	0.000368	0.005982	0.001818	0.000888	0.000000	0.001560	0.003830	0.003884	0.000447	0.000617	0.000330	0.002616	0.001101	0.007502	0.000236	0.015813	0.000000	0.000337	0.002895	0.000802	0.000250	0.007476	0.000322	0.000753	0.010267	0.000359	0.014149	0.002755	0.016699	0.004862	0.001071	0.000501	0.000995	0.000625	0.004978	0.001729	0.001892	0.000620	0.000500	0.000510	0.003762	0.000448	0.000553	0.001650	0.007530	0.007709	0.001135	0.000000	0.001418	0.000000	0.000717	0.000507	0.002525	0.003680	0.004978	0.007652	0.000443	0.001419	0.003187	0.015651	0.000601	0.000000	0.003414	0.000000	0.000287	0.000365	0.000293	0.000377	0.000309	0.000229	0.000224	0.000216	0.000210	0.000213	0.000219	0.000312	0.000235	0.000293	0.000370	0.000412	0.000334	0.000375	0.000337	0.000397	0.000324	0.000329	0.000343	0.000317	0.000000	0.000000	0.026890	0.000000	0.000000	0.000895	0.000000	0.000000	0.000000	0.014834	0.000000	0.000000	0.000000	0.029932	0.000000	0.000000	0.000000	0.000000	0.000000	0.020497	0.000000
0.000000	0.000000	0.016592	0.008907	0.002050	0.010532	0.001746	0.001569	0.001555	0.007162	0.003003	0.002074	0.001560	0.000000	0.005011	0.005064	0.001632	0.001801	0.001515	0.003798	0.002285	0.008678	0.001421	0.016980	0.000000	0.001522	0.004077	0.001986	0.001435	0.008652	0.001507	0.001938	0.011440	0.001543	0.015317	0.003937	0.017864	0.006041	0.002255	0.001686	0.002179	0.001809	0.006157	0.002912	0.003075	0.001804	0.001685	0.001695	0.004943	0.001633	0.001738	0.002833	0.008707	0.008885	0.002319	0.000000	0.002602	0.000000	0.001902	0.001692	0.003707	0.004861	0.006157	0.008828	0.001628	0.002602	0.004368	0.016818	0.001785	0.000000	0.004595	0.000000	0.001472	0.001550	0.001478	0.001562	0.001493	0.001414	0.001409	0.001401	0.001395	0.001398	0.001404	0.001497	0.001420	0.001478	0.001554	0.001596	0.001519	0.001560	0.001522	0.001582	0.001509	0.001514	0.001528	0.001502	0.000000	0.000000	0.028043	0.000000	0.000000	0.002079	0.000000	0.000000	0.000000	0.016002	0.000000	0.000000	0.000000	0.000000	0.000000	0.000000	0.000000	0.000000	0.000000	0.021658	0.000000
0.000000	0.000000	0.018828	0.011160	0.004318	0.012782	0.004015	0.003839	0.003825	0.009419	0.005270	0.004343	0.003830	0.005011	0.000000	0.007315	0.003890	0.004059	0.003774	0.006051	0.004542	0.010921	0.003680	0.019203	0.000000	0.003781	0.006330	0.004244	0.003694	0.010895	0.003766	0.004195	0.013676	0.003802	0.017545	0.006190	0.020086	0.008290	0.004512	0.003944	0.004437	0.004067	0.008405	0.005168	0.005330	0.004062	0.003943	0.003953	0.007194	0.003892	0.003996	0.005089	0.010949	0.011127	0.004575	0.000000	0.004858	0.000000	0.004159	0.003950	0.005961	0.007112	0.008405	0.011070	0.003887	0.004858	0.006620	0.019042	0.004043	0.000000	0.006847	0.000000	0.003731	0.003808	0.003737	0.003820	0.003752	0.003673	0.003668	0.003660	0.003654	0.003657	0.003663	0.003756	0.003679	0.003737	0.003813	0.003855	0.003778	0.003818	0.003781	0.003841	0.003768	0.003773	0.003787	0.003761	0.000000	0.000000	0.000000	0.000000	0.000000	0.004337	0.000000	0.000000	0.000000	0.018228	0.000000	0.000000	0.000000	0.000000	0.000000	0.000000	0.000000	0.000000	0.000000	0.023871	0.000000
0.000000	0.000000	0.018880	0.011213	0.004372	0.012834	0.004068	0.003892	0.003878	0.009472	0.005323	0.004396	0.003884	0.005064	0.007315	0.000000	0.003943	0.004112	0.003827	0.006104	0.004595	0.010973	0.003733	0.019256	0.000000	0.003834	0.006383	0.004296	0.003746	0.010947	0.003819	0.004248	0.013729	0.003855	0.017597	0.006243	0.020138	0.008343	0.004565	0.003997	0.004489	0.004120	0.008458	0.005221	0.005383	0.004115	0.003996	0.004006	0.007246	0.003944	0.004049	0.005142	0.011001	0.011179	0.004628	0.000000	0.004911	0.000000	0.004212	0.004003	0.006013	0.007165	0.008458	0.011123	0.003939	0.004911	0.006673	0.019094	0.004096	0.000000	0.006900	0.000000	0.003784	0.003861	0.003790	0.003873	0.003805	0.003726	0.003721	0.003713	0.003707	0.003710	0.003716	0.003809	0.003732	0.003790	0.003866	0.003908	0.003831	0.003871	0.003834	0.003894	0.003820	0.003825	0.003840	0.003814	0.000000	0.000000	0.000000	0.000000	0.000000	0.004390	0.000000	0.000000	0.000000	0.018280	0.000000	0.000000	0.000000	0.000000	0.000000	0.000000	0.000000	0.000000	0.000000	0.023922	0.000000
0.000000	0.000000	0.015495	0.007802	0.000937	0.009429	0.000632	0.000456	0.000442	0.006055	0.001892	0.000961	0.000447	0.001632	0.003890	0.003943	0.000000	0.000690	0.000404	0.002689	0.001174	0.007575	0.000309	0.015885	0.000000	0.000411	0.002968	0.000875	0.000323	0.007549	0.000396	0.000827	0.010340	0.000432	0.014221	0.002828	0.016771	0.004935	0.001145	0.000575	0.001069	0.000698	0.005051	0.001802	0.001965	0.000693	0.000574	0.000584	0.003835	0.000522	0.000627	0.001723	0.007603	0.007782	0.001208	0.000000	0.001491	0.000000	0.000791	0.000581	0.002598	0.003753	0.005051	0.007725	0.000517	0.001492	0.003260	0.015723	0.000674	0.000000	0.003487	0.000000	0.000360	0.000438	0.000367	0.000450	0.000382	0.000302	0.000298	0.000290	0.000283	0.000287	0.000292	0.000386	0.000308	0.000367	0.000443	0.000485	0.000408	0.000448	0.000411	0.000471	0.000397	0.000402	0.000416	0.000391	0.000000	0.000000	0.026961	0.000000	0.000000	0.000968	0.000000	0.000000	0.000000	0.014907	0.000000	0.000000	0.000000	0.000000	0.000000	0.000000	0.000000	0.000000	0.000000	0.020568	0.000000
0.000000	0.000000	0.015662	0.007970	0.001106	0.009597	0.000802	0.000625	0.000611	0.006224	0.002061	0.001130	0.000617	0.001801	0.004059	0.004112	0.000690	0.000000	0.000573	0.002858	0.001344	0.007743	0.000479	0.016052	0.000000	0.000580	0.003137	0.001044	0.000493	0.007717	0.000565	0.000996	0.010508	0.000601	0.014388	0.002997	0.016937	0.005104	0.001314	0.000744	0.001238	0.000867	0.005219	0.001971	0.002134	0.000862	0.000743	0.000753	0.004004	0.000691	0.000796	0.001892	0.007771	0.007950	0.001377	0.000000	0.001661	0.000000	0.000960	0.000750	0.002767	0.003922	0.005219	0.007893	0.000686	0.001661	0.003429	0.015890	0.000843	0.000000	0.003656	0.000000	0.000530	0.000608	0.000536	0.000620	0.000551	0.000472	0.000467	0.000459	0.000453	0.000456	0.000462	0.000555	0.000478	0.000536	0.000612	0.000654	0.000577	0.000618	0.000580	0.000640	0.000567	0.000572	0.000586	0.000560	0.000000	0.000000	0.027126	0.000000	0.000000	0.001138	0.000000	0.000000	0.000000	0.015074	0.000000	0.000000	0.000000	0.000000	0.000000	0.000000	0.000000	0.000000	0.000000	0.020734	0.000000
0.000000	0.000000	0.015380	0.007686	0.000820	0.009313	0.000516	0.000339	0.000325	0.005939	0.001775	0.000844	0.000330	0.001515	0.003774	0.003827	0.000404	0.000573	0.000000	0.002573	0.001058	0.007459	0.000193	0.015771	0.000000	0.000294	0.002852	0.000758	0.000206	0.007433	0.000279	0.000710	0.010224	0.000315	0.014106	0.002712	0.016656	0.004819	0.001028	0.000458	0.000952	0.000582	0.004935	0.001686	0.001849	0.000577	0.000457	0.000467	0.003719	0.000405	0.000510	0.001606	0.007487	0.007666	0.001091	0.000000	0.001375	0.000000	0.000674	0.000464	0.002481	0.003637	0.004935	0.007609	0.000400	0.001375	0.003144	0.015608	0.000557	0.000000	0.003371	0.000000	0.000244	0.000322	0.000250	0.000334	0.000265	0.000185	0.000181	0.000173	0.000167	0.000170	0.000175	0.000269	0.000192	0.000250	0.000326	0.000368	0.000291	0.000332	0.000294	0.000354	0.000281	0.000286	0.000300	0.000274	0.000000	0.000000	0.026848	0.000000	0.000000	0.000852	0.000000	0.000000	0.000000	0.014792	0.000000	0.000000	0.000000	0.029890	0.000000	0.000000	0.000000	0.000000	0.000000	0.020454	0.000000
0.000000	0.000000	0.017631	0.009955	0.003105	0.011578	0.002801	0.002624	0.002610	0.008212	0.004057	0.003129	0.002616	0.003798	0.006051	0.006104	0.002689	0.002858	0.002573	0.000000	0.003336	0.009722	0.002473	0.018015	0.000000	0.002574	0.005126	0.003037	0.002486	0.009696	0.002559	0.002989	0.012481	0.002595	0.016354	0.004986	0.018898	0.007088	0.003306	0.002737	0.003230	0.002860	0.007204	0.003962	0.004125	0.002855	0.002736	0.002746	0.005991	0.002685	0.002789	0.003883	0.009750	0.009929	0.003369	0.000000	0.003652	0.000000	0.002953	0.002743	0.004756	0.005909	0.007204	0.009872	0.002680	0.003653	0.005417	0.017853	0.002836	0.000000	0.005644	0.000000	0.002524	0.002601	0.002530	0.002613	0.002545	0.002465	0.002461	0.002453	0.002447	0.002450	0.002455	0.002549	0.002472	0.002530	0.002606	0.002648	0.002571	0.002611	0.002574	0.002634	0.002560	0.002565	0.002579	0.002554	0.000000	0.000000	0.029067	0.000000	0.000000	0.003130	0.000000	0.000000	0.000000	0.017038	0.000000	0.000000	0.000000	0.000000	0.000000	0.000000	0.000000	0.000000	0.000000	0.022688	0.000000
0.000000	0.000000	0.016139	0.008451	0.001591	0.010077	0.001286	0.001110	0.001096	0.006705	0.002545	0.001615	0.001101	0.002285	0.004542	0.004595	0.001174	0.001344	0.001058	0.003336	0.000000	0.008223	0.000963	0.016528	0.000000	0.001064	0.003620	0.001528	0.000976	0.008197	0.001049	0.001480	0.010987	0.001085	0.014865	0.003480	0.017413	0.005585	0.001797	0.001228	0.001721	0.001351	0.005701	0.002455	0.002618	0.001346	0.001227	0.001237	0.004486	0.001175	0.001280	0.002375	0.008251	0.008430	0.001861	0.000000	0.002144	0.000000	0.001444	0.001234	0.003250	0.004404	0.005701	0.008373	0.001170	0.002144	0.003911	0.016366	0.001327	0.000000	0.004138	0.000000	0.001014	0.001092	0.001020	0.001103	0.001035	0.000955	0.000951	0.000943	0.000937	0.000940	0.000945	0.001039	0.000962	0.001020	0.001096	0.001138	0.001061	0.001102	0.001064	0.001124	0.001051	0.001056	0.001070	0.001044	0.000000	0.000000	0.027597	0.000000	0.000000	0.001621	0.000000	0.000000	0.000000	0.015550	0.000000	0.000000	0.000000	0.000000	0.000000	0.000000	0.000000	0.000000	0.000000	0.021208	0.000000
0.000000	0.000000	0.022444	0.014805	0.007988	0.016420	0.007686	0.007511	0.007496	0.013070	0.008936	0.008012	0.007502	0.008678	0.010921	0.010973	0.007575	0.007743	0.007459	0.009722	0.008223	0.000000	0.007312	0.022779	0.000000	0.007413	0.009952	0.007874	0.007326	0.014501	0.007398	0.007826	0.017272	0.007434	0.021127	0.009814	0.023658	0.011905	0.008142	0.007576	0.008066	0.007698	0.012020	0.008795	0.008957	0.007693	0.007575	0.007585	0.010813	0.007523	0.007627	0.008716	0.014555	0.014732	0.008204	0.000000	0.008486	0.000000	0.007790	0.007581	0.009585	0.010732	0.012020	0.014675	0.007518	0.008486	0.010242	0.022618	0.007674	0.000000	0.010468	0.000000	0.007363	0.007440	0.007369	0.007452	0.007384	0.007305	0.007300	0.007293	0.007286	0.007290	0.007295	0.007388	0.007311	0.007369	0.007445	0.007486	0.007410	0.007450	0.007413	0.007472	0.007400	0.007404	0.007419	0.007393	0.000000	0.000000	0.000000	0.000000	0.000000	0.007966	0.000000	0.000000	0.000000	0.021807	0.000000	0.000000	0.000000	0.000000	0.000000	0.000000	0.000000	0.000000	0.000000	0.027429	0.000000
0.000000	0.000000	0.015287	0.007592	0.000726	0.009220	0.000421	0.000245	0.000231	0.005845	0.001681	0.000750	0.000236	0.001421	0.003680	0.003733	0.000309	0.000479	0.000193	0.002473	0.000963	0.007312	0.000000	0.015678	0.000000	0.000200	0.002758	0.000664	0.000112	0.007339	0.000185	0.000616	0.010131	0.000221	0.014013	0.002618	0.016563	0.004725	0.000934	0.000364	0.000858	0.000487	0.004841	0.001592	0.001755	0.000482	0.000363	0.000373	0.003625	0.000311	0.000416	0.001512	0.007394	0.007572	0.000997	0.000000	0.001281	0.000000	0.000580	0.000370	0.002387	0.003543	0.004841	0.007515	0.000306	0.001281	0.003050	0.015515	0.000463	0.000000	0.003277	0.000000	0.000149	0.000227	0.000156	0.000239	0.000171	0.000091	0.000087	0.000079	0.000072	0.000076	0.000081	0.000175	0.000098	0.000156	0.000232	0.000274	0.000197	0.000237	0.000200	0.000260	0.000186	0.000191	0.000206	0.000180	0.000000	0.000000	0.026756	0.000000	0.000000	0.000757	0.000000	0.000000	0.000000	0.014699	0.000000	0.000000	0.000000	0.029798	0.000000	0.000000	0.000000	0.000000	0.000000	0.020362	0.000000
0.000000	0.000000	0.000000	0.023055	0.016296	0.024657	0.015996	0.015822	0.015808	0.021335	0.017236	0.016319	0.015813	0.016980	0.019203	0.019256	0.015885	0.016052	0.015771	0.018015	0.016528	0.022779	0.015678	0.000000	0.000000	0.015537	0.018056	0.015994	0.015451	0.022567	0.015522	0.015947	0.025316	0.015558	0.029139	0.017918	0.000000	0.019993	0.016260	0.015698	0.016185	0.015820	0.020107	0.016907	0.017068	0.015815	0.015698	0.015707	0.018909	0.015646	0.015750	0.016829	0.022620	0.022796	0.016322	0.000000	0.016601	0.000000	0.015911	0.015704	0.017691	0.018829	0.020107	0.022740	0.015641	0.016602	0.018343	0.000000	0.015796	0.000000	0.018567	0.000000	0.015487	0.015564	0.015494	0.015576	0.015509	0.015430	0.015426	0.015418	0.015412	0.015415	0.015420	0.015512	0.015436	0.015494	0.015569	0.015610	0.015534	0.015574	0.015537	0.015596	0.015524	0.015529	0.015543	0.015517	0.000000	0.000000	0.000000	0.000000	0.000000	0.016086	0.000000	0.000000	0.000000	0.029814	0.000000	0.000000	0.000000	0.000000	0.000000	0.000000	0.000000	0.000000	0.000000	0.000000	0.000000
0.000000	0.000000	0.000000	0.000000	0.000000	0.000000	0.000000	0.000000	0.000000	0.000000	0.000000	0.000000	0.000000	0.000000	0.000000	0.000000	0.000000	0.000000	0.000000	0.000000	0.000000	0.000000	0.000000	0.000000	0.000000	0.000000	0.000000	0.000000	0.000000	0.000000	0.000000	0.000000	0.000000	0.000000	0.000000	0.000000	0.000000	0.000000	0.000000	0.000000	0.000000	0.000000	0.000000	0.000000	0.000000	0.000000	0.000000	0.000000	0.000000	0.000000	0.000000	0.000000	0.000000	0.000000	0.000000	0.000000	0.000000	0.000000	0.000000	0.000000	0.000000	0.000000	0.000000	0.000000	0.000000	0.000000	0.000000	0.000000	0.000000	0.000000	0.000000	0.000000	0.000000	0.000000	0.000000	0.000000	0.000000	0.000000	0.000000	0.000000	0.000000	0.000000	0.000000	0.000000	0.000000	0.000000	0.000000	0.000000	0.000000	0.000000	0.000000	0.000000	0.000000	0.000000	0.000000	0.000000	0.000000	0.000000	0.000000	0.000000	0.000000	0.000000	0.000000	0.000000	0.000000	0.000000	0.000000	0.000000	0.000000	0.000000	0.000000	0.000000	0.000000	0.000000	0.000000	0.000000	0.000000
0.000000	0.000000	0.015387	0.007693	0.000827	0.009320	0.000523	0.000346	0.000332	0.005946	0.001782	0.000851	0.000337	0.001522	0.003781	0.003834	0.000411	0.000580	0.000294	0.002574	0.001064	0.007413	0.000200	0.015537	0.000000	0.000000	0.002859	0.000765	0.000213	0.007440	0.000286	0.000717	0.010231	0.000322	0.014113	0.002719	0.016663	0.004826	0.001035	0.000465	0.000959	0.000588	0.004941	0.001693	0.001856	0.000583	0.000464	0.000474	0.003726	0.000412	0.000517	0.001613	0.007494	0.007673	0.001098	0.000000	0.001382	0.000000	0.000681	0.000471	0.002488	0.003644	0.004941	0.007616	0.000407	0.001382	0.003150	0.015615	0.000564	0.000000	0.003378	0.000000	0.000251	0.000329	0.000257	0.000340	0.000272	0.000192	0.000188	0.000180	0.000174	0.000177	0.000182	0.000276	0.000199	0.000257	0.000333	0.000375	0.000298	0.000339	0.000301	0.000361	0.000288	0.000293	0.000307	0.000281	0.000000	0.000000	0.026854	0.000000	0.000000	0.000859	0.000000	0.000000	0.000000	0.014798	0.000000	0.000000	0.000000	0.029896	0.000000	0.000000	0.000000	0.000000	0.000000	0.020461	0.000000
0.000000	0.000000	0.017906	0.010232	0.003384	0.011855	0.003080	0.002904	0.002890	0.008489	0.004336	0.003408	0.002895	0.004077	0.006330	0.006383	0.002968	0.003137	0.002852	0.005126	0.003620	0.009952	0.002758	0.018056	0.000000	0.002859	0.000000	0.003315	0.002764	0.009972	0.002836	0.003267	0.012756	0.002873	0.016628	0.005263	0.019172	0.007365	0.003584	0.003015	0.003508	0.003138	0.007480	0.004240	0.004402	0.003133	0.003014	0.003024	0.006268	0.002962	0.003067	0.004161	0.010026	0.010205	0.003647	0.000000	0.003930	0.000000	0.003231	0.003021	0.005033	0.006186	0.007480	0.010148	0.002957	0.003930	0.005694	0.018127	0.003114	0.000000	0.005921	0.000000	0.002801	0.002879	0.002808	0.002891	0.002823	0.002743	0.002739	0.002731	0.002725	0.002728	0.002733	0.002826	0.002750	0.002808	0.002884	0.002926	0.002849	0.002889	0.002851	0.002911	0.002838	0.002843	0.002857	0.002831	0.000000	0.000000	0.029337	0.000000	0.000000	0.003408	0.000000	0.000000	0.000000	0.017312	0.000000	0.000000	0.000000	0.000000	0.000000	0.000000	0.000000	0.000000	0.000000	0.022960	0.000000
0.000000	0.000000	0.015844	0.008154	0.001291	0.009780	0.000987	0.000810	0.000796	0.006408	0.002246	0.001315	0.000802	0.001986	0.004244	0.004296	0.000875	0.001044	0.000758	0.003037	0.001528	0.007874	0.000664	0.015994	0.000000	0.000765	0.003315	0.000000	0.000677	0.007900	0.000750	0.001181	0.010691	0.000786	0.014571	0.003182	0.017119	0.005288	0.001499	0.000929	0.001423	0.001052	0.005403	0.002156	0.002319	0.001047	0.000928	0.000938	0.004188	0.000876	0.000981	0.002077	0.007955	0.008133	0.001562	0.000000	0.001845	0.000000	0.001145	0.000935	0.002951	0.004106	0.005403	0.008076	0.000871	0.001846	0.003613	0.016072	0.001028	0.000000	0.003840	0.000000	0.000715	0.000793	0.000721	0.000804	0.000736	0.000656	0.000652	0.000644	0.000638	0.000641	0.000646	0.000740	0.000663	0.000721	0.000797	0.000839	0.000762	0.000803	0.000765	0.000825	0.000752	0.000757	0.000771	0.000745	0.000000	0.000000	0.027306	0.000000	0.000000	0.001322	0.000000	0.000000	0.000000	0.015256	0.000000	0.000000	0.000000	0.000000	0.000000	0.000000	0.000000	0.000000	0.000000	0.020916	0.000000
0.000000	0.000000	0.015301	0.007606	0.000740	0.009233	0.000435	0.000258	0.000244	0.005859	0.001695	0.000764	0.000250	0.001435	0.003694	0.003746	0.000323	0.000493	0.000206	0.002486	0.000976	0.007326	0.000112	0.015451	0.000000	0.000213	0.002764	0.000677	0.000000	0.007353	0.000198	0.000629	0.010144	0.000235	0.014027	0.002632	0.016577	0.004739	0.000948	0.000377	0.000871	0.000501	0.004854	0.001605	0.001768	0.000496	0.000376	0.000386	0.003638	0.000325	0.000429	0.001526	0.007407	0.007586	0.001011	0.000000	0.001294	0.000000	0.000593	0.000383	0.002401	0.003557	0.004854	0.007529	0.000319	0.001295	0.003063	0.015529	0.000477	0.000000	0.003291	0.000000	0.000163	0.000241	0.000170	0.000253	0.000185	0.000105	0.000100	0.000093	0.000086	0.000089	0.000095	0.000188	0.000111	0.000170	0.000246	0.000288	0.000211	0.000251	0.000213	0.000273	0.000200	0.000205	0.000219	0.000193	0.000000	0.000000	0.026769	0.000000	0.000000	0.000771	0.000000	0.000000	0.000000	0.014712	0.000000	0.000000	0.000000	0.029811	0.000000	0.000000	0.000000	0.000000	0.000000	0.020375	0.000000
0.000000	0.000000	0.022418	0.014779	0.007962	0.016395	0.007660	0.007485	0.007471	0.013045	0.008910	0.007986	0.007476	0.008652	0.010895	0.010947	0.007549	0.007717	0.007433	0.009696	0.008197	0.014501	0.007339	0.022567	0.000000	0.007440	0.009972	0.007900	0.007353	0.000000	0.007372	0.007800	0.017247	0.007408	0.021101	0.009788	0.023633	0.011880	0.008116	0.007550	0.008040	0.007673	0.011995	0.008769	0.008931	0.007668	0.007549	0.007559	0.010788	0.007497	0.007602	0.008690	0.014529	0.014707	0.008179	0.000000	0.008460	0.000000	0.007764	0.007556	0.009559	0.010707	0.011995	0.014650	0.007492	0.008461	0.010216	0.022593	0.007649	0.000000	0.010442	0.000000	0.007337	0.007415	0.007344	0.007426	0.007359	0.007279	0.007275	0.007267	0.007261	0.007264	0.007269	0.007362	0.007286	0.007344	0.007419	0.007461	0.007384	0.007425	0.007387	0.007447	0.007374	0.007379	0.007393	0.007367	0.000000	0.000000	0.000000	0.000000	0.000000	0.007941	0.000000	0.000000	0.000000	0.021782	0.000000	0.000000	0.000000	0.000000	0.000000	0.000000	0.000000	0.000000	0.000000	0.027404	0.000000
0.000000	0.000000	0.015372	0.007678	0.000812	0.009305	0.000508	0.000331	0.000317	0.005931	0.001767	0.000836	0.000322	0.001507	0.003766	0.003819	0.000396	0.000565	0.000279	0.002559	0.001049	0.007398	0.000185	0.015522	0.000000	0.000286	0.002836	0.000750	0.000198	0.007372	0.000000	0.000702	0.010216	0.000307	0.014098	0.002704	0.016648	0.004811	0.001020	0.000450	0.000944	0.000573	0.004926	0.001678	0.001841	0.000568	0.000449	0.000459	0.003711	0.000397	0.000502	0.001598	0.007479	0.007658	0.001083	0.000000	0.001367	0.000000	0.000666	0.000456	0.002473	0.003629	0.004926	0.007601	0.000392	0.001367	0.003135	0.015600	0.000549	0.000000	0.003363	0.000000	0.000236	0.000314	0.000242	0.000325	0.000257	0.000177	0.000173	0.000165	0.000159	0.000162	0.000167	0.000261	0.000184	0.000242	0.000318	0.000360	0.000283	0.000324	0.000286	0.000346	0.000273	0.000278	0.000292	0.000266	0.000000	0.000000	0.026840	0.000000	0.000000	0.000844	0.000000	0.000000	0.000000	0.014784	0.000000	0.000000	0.000000	0.029882	0.000000	0.000000	0.000000	0.000000	0.000000	0.020446	0.000000
0.000000	0.000000	0.015797	0.008106	0.001243	0.009732	0.000939	0.000762	0.000748	0.006360	0.002197	0.001267	0.000753	0.001938	0.004195	0.004248	0.000827	0.000996	0.000710	0.002989	0.001480	0.007826	0.000616	0.015947	0.000000	0.000717	0.003267	0.001181	0.000629	0.007800	0.000702	0.000000	0.010643	0.000738	0.014523	0.003134	0.017072	0.005240	0.001450	0.000881	0.001374	0.001004	0.005355	0.002108	0.002271	0.000999	0.000880	0.000890	0.004140	0.000828	0.000932	0.002029	0.007907	0.008085	0.001514	0.000000	0.001797	0.000000	0.001096	0.000886	0.002903	0.004058	0.005355	0.008028	0.000823	0.001798	0.003565	0.016024	0.000980	0.000000	0.003792	0.000000	0.000666	0.000744	0.000673	0.000756	0.000688	0.000608	0.000604	0.000596	0.000589	0.000593	0.000598	0.000692	0.000615	0.000673	0.000749	0.000791	0.000714	0.000754	0.000717	0.000777	0.000703	0.000708	0.000722	0.000697	0.000000	0.000000	0.027259	0.000000	0.000000	0.001274	0.000000	0.000000	0.000000	0.015208	0.000000	0.000000	0.000000	0.000000	0.000000	0.000000	0.000000	0.000000	0.000000	0.020868	0.000000
0.000000	0.000000	0.025168	0.017550	0.010752	0.019161	0.010451	0.010276	0.010262	0.015820	0.011698	0.010776	0.010267	0.011440	0.013676	0.013729	0.010340	0.010508	0.010224	0.012481	0.010987	0.017272	0.010131	0.025316	0.000000	0.010231	0.012756	0.010691	0.010144	0.017247	0.010216	0.010643	0.000000	0.010152	0.023807	0.012525	0.026332	0.014611	0.010857	0.010293	0.010782	0.010415	0.014726	0.011509	0.011670	0.010410	0.010292	0.010302	0.013522	0.010241	0.010344	0.011430	0.017253	0.017430	0.010920	0.000000	0.011201	0.000000	0.010507	0.010299	0.012296	0.013441	0.014726	0.017373	0.010236	0.011201	0.012952	0.025294	0.010391	0.000000	0.013177	0.000000	0.010081	0.010158	0.010087	0.010170	0.010102	0.010023	0.010019	0.010011	0.010005	0.010008	0.010013	0.010106	0.010029	0.010087	0.010163	0.010204	0.010128	0.010168	0.010131	0.010190	0.010117	0.010122	0.010136	0.010111	0.000000	0.000000	0.000000	0.000000	0.000000	0.010683	0.000000	0.000000	0.000000	0.024486	0.000000	0.000000	0.000000	0.000000	0.000000	0.000000	0.000000	0.000000	0.000000	0.000000	0.000000
0.000000	0.000000	0.015408	0.007714	0.000849	0.009341	0.000544	0.000367	0.000353	0.005967	0.001803	0.000873	0.000359	0.001543	0.003802	0.003855	0.000432	0.000601	0.000315	0.002595	0.001085	0.007434	0.000221	0.015558	0.000000	0.000322	0.002873	0.000786	0.000235	0.007408	0.000307	0.000738	0.010152	0.000000	0.014134	0.002740	0.016684	0.004847	0.001056	0.000486	0.000980	0.000610	0.004963	0.001714	0.001877	0.000605	0.000485	0.000495	0.003747	0.000433	0.000538	0.001635	0.007515	0.007694	0.001120	0.000000	0.001403	0.000000	0.000702	0.000492	0.002510	0.003665	0.004963	0.007637	0.000428	0.001404	0.003172	0.015636	0.000586	0.000000	0.003399	0.000000	0.000272	0.000350	0.000278	0.000362	0.000293	0.000214	0.000209	0.000201	0.000195	0.000198	0.000204	0.000297	0.000220	0.000278	0.000355	0.000396	0.000319	0.000360	0.000322	0.000382	0.000309	0.000314	0.000328	0.000302	0.000000	0.000000	0.026875	0.000000	0.000000	0.000880	0.000000	0.000000	0.000000	0.014820	0.000000	0.000000	0.000000	0.029917	0.000000	0.000000	0.000000	0.000000	0.000000	0.020482	0.000000
0.000000	0.000000	0.028991	0.021403	0.014632	0.023008	0.014332	0.014157	0.014144	0.019680	0.015574	0.014656	0.014149	0.015317	0.017545	0.017597	0.014221	0.014388	0.014106	0.016354	0.014865	0.021127	0.014013	0.029139	0.000000	0.014113	0.016628	0.014571	0.014027	0.021101	0.014098	0.014523	0.023807	0.014134	0.000000	0.016306	0.000000	0.018384	0.014645	0.014083	0.014570	0.014204	0.018498	0.015294	0.015454	0.014199	0.014082	0.014092	0.017299	0.014030	0.014134	0.015215	0.021016	0.021192	0.014707	0.000000	0.014987	0.000000	0.014296	0.014088	0.016078	0.017218	0.018498	0.021136	0.014025	0.014987	0.016732	0.029026	0.014181	0.000000	0.016956	0.000000	0.013871	0.013948	0.013878	0.013960	0.013892	0.013814	0.013809	0.013802	0.013795	0.013798	0.013804	0.013896	0.013820	0.013878	0.013953	0.013994	0.013918	0.013958	0.013921	0.013980	0.013908	0.013913	0.013927	0.013901	0.000000	0.000000	0.000000	0.000000	0.000000	0.014471	0.000000	0.000000	0.000000	0.028221	0.000000	0.000000	0.000000	0.000000	0.000000	0.000000	0.000000	0.000000	0.000000	0.000000	0.000000
0.000000	0.000000	0.017769	0.010093	0.003244	0.011716	0.002940	0.002764	0.002750	0.008350	0.004196	0.003268	0.002755	0.003937	0.006190	0.006243	0.002828	0.002997	0.002712	0.004986	0.003480	0.009814	0.002618	0.017918	0.000000	0.002719	0.005263	0.003182	0.002632	0.009788	0.002704	0.003134	0.012525	0.002740	0.016306	0.000000	0.019035	0.007226	0.003445	0.002876	0.003369	0.002999	0.007342	0.004101	0.004264	0.002994	0.002875	0.002885	0.006129	0.002823	0.002928	0.004022	0.009888	0.010066	0.003508	0.000000	0.003791	0.000000	0.003091	0.002882	0.004895	0.006047	0.007342	0.010010	0.002818	0.003791	0.005555	0.017990	0.002975	0.000000	0.005782	0.000000	0.002662	0.002740	0.002669	0.002752	0.002684	0.002604	0.002600	0.002592	0.002585	0.002589	0.002594	0.002687	0.002610	0.002669	0.002745	0.002786	0.002710	0.002750	0.002712	0.002772	0.002699	0.002704	0.002718	0.002692	0.000000	0.000000	0.029202	0.000000	0.000000	0.003269	0.000000	0.000000	0.000000	0.017175	0.000000	0.000000	0.000000	0.000000	0.000000	0.000000	0.000000	0.000000	0.000000	0.022824	0.000000
0.000000	0.000000	0.000000	0.023934	0.017181	0.025534	0.016881	0.016707	0.016693	0.022215	0.018120	0.017204	0.016699	0.017864	0.020086	0.020138	0.016771	0.016937	0.016656	0.018898	0.017413	0.023658	0.016563	0.000000	0.000000	0.016663	0.019172	0.017119	0.016577	0.023633	0.016648	0.017072	0.026332	0.016684	0.000000	0.019035	0.000000	0.020847	0.017117	0.016556	0.017042	0.016677	0.020961	0.017764	0.017924	0.016673	0.016555	0.016565	0.019764	0.016504	0.016607	0.017686	0.023472	0.023648	0.017179	0.000000	0.017458	0.000000	0.016769	0.016562	0.018547	0.019684	0.020961	0.023592	0.016499	0.017459	0.019198	0.000000	0.016654	0.000000	0.019422	0.000000	0.016345	0.016422	0.016351	0.016434	0.016366	0.016288	0.016283	0.016276	0.016269	0.016273	0.016278	0.016370	0.016294	0.016351	0.016426	0.016468	0.016392	0.016432	0.016395	0.016454	0.016382	0.016386	0.016400	0.016375	0.000000	0.000000	0.000000	0.000000	0.000000	0.016943	0.000000	0.000000	0.000000	0.000000	0.000000	0.000000	0.000000	0.000000	0.000000	0.000000	0.000000	0.000000	0.000000	0.000000	0.000000
